       0 -1.147899050119e-17
       1 -2.168404344971e-19
       2  0.000000000000e+00
       3 -3.561604136615e-17
       4  9.473216482092e-17
       5 -3.748629011369e-17
       6  5.266512052848e-17
       7  2.123681005356e-17
       8  8.904010341537e-18
       9 -2.385244779468e-18
      10 -2.259206276917e-17
      11  0.000000000000e+00
      12 -1.097754699642e-18
      13  4.336808689942e-19
      14 -7.860465750520e-18
      15 -1.849919956803e-17
      16 -2.168404344971e-19
      17  0.000000000000e+00
      18  0.000000000000e+00
      19 -1.259029772799e-17
      20  2.808083626737e-17
      21  4.637674792807e-17
      22 -1.088538981175e-16
      23  1.862117231244e-17
      24  6.505213034913e-19
      25  1.769960046583e-17
      26  4.336808689942e-19
      27 -2.168404344971e-19
      28  3.049318610115e-18
      29  0.000000000000e+00
      30  0.000000000000e+00
      31  6.380529785077e-17
      32  4.434386885466e-17
      33  4.610569738495e-17
      34 -6.135229043552e-17
      35 -3.716102946194e-17
      36  2.625124510131e-17
      37  7.548757625930e-18
      38  1.382357769919e-18
      39 -4.336808689942e-19
      40 -2.168404344971e-19
      41 -1.829591166069e-18
      42  1.513817283333e-17
      43  0.000000000000e+00
      44  2.168404344971e-19
      45  0.000000000000e+00
      46 -1.259029772799e-17
      47  1.788933584601e-17
      48  1.218372191331e-17
      49  3.294619351640e-17
      50 -1.557185370232e-17
      51  1.546885449594e-16
      52 -8.673617379884e-18
      53 -1.120793995807e-17
      54  4.336808689942e-19
      55 -4.269046054162e-18
      56  0.000000000000e+00
      57 -2.032879073410e-18
      58 -6.505213034913e-19
      59 -1.395910297075e-18
      60  0.000000000000e+00
      61  2.168404344971e-19
      62  4.969711708130e-17
      63  1.183813247083e-16
      64  7.386127300057e-18
      65 -9.303809892641e-17
      66  1.164162082706e-17
      67  7.386127300057e-18
      68  1.090501980031e-17
      69 -9.194330884209e-18
      70 -2.077496533907e-17
      71  0.000000000000e+00
      72  0.000000000000e+00
      73  7.020209066844e-18
      74  8.890457814381e-18
      75  2.168404344971e-19

 Diferença máxima: 1.546885449594e-16 - Linha: 51