76 76 306
0 0   2.138639741528e+01
0 26  -9.615384499658e-02
0 32  -2.129024357028e+01
1 1   1.282516965696e-01
1 16  -8.024462893266e-03
1 17  -8.024462893266e-03
1 44  -8.024462893266e-03
1 45  -8.024462893266e-03
1 73  -9.615384499658e-02
2 2   1.202272336764e-01
2 17  -8.024462893266e-03
2 18  -8.024462893266e-03
2 45  -8.024462893266e-03
2 74  -9.615384499658e-02
3 3   8.443812625859e+01
3 4  -3.157394134415e+01
3 51  -3.157394134415e+01
3 68  -2.129024357028e+01
4 3  -3.157394134415e+01
4 4   8.443812625859e+01
4 5  -3.157394134415e+01
4 69  -2.129024357028e+01
5 4  -3.157394134415e+01
5 5   8.443812625859e+01
5 6  -3.157394134415e+01
5 70  -2.129024357028e+01
6 5  -3.157394134415e+01
6 6   8.443812625859e+01
6 7  -3.157394134415e+01
6 73  -2.129024357028e+01
7 6  -3.157394134415e+01
7 7   5.286418491443e+01
7 74  -2.129024357028e+01
8 8   2.138639741528e+01
8 11  -9.615384499658e-02
8 19  -2.129024357028e+01
9 9   2.138639741528e+01
9 13  -9.615384499658e-02
9 20  -2.129024357028e+01
10 10   2.138639741528e+01
10 16  -9.615384499658e-02
10 21  -2.129024357028e+01
11 8  -9.615384499658e-02
11 11   1.122027707831e-01
11 71  -8.024462893266e-03
11 72  -8.024462893266e-03
12 12   2.138639741528e+01
12 27  -9.615384499658e-02
12 33  -2.129024357028e+01
13 9  -9.615384499658e-02
13 13   1.202272336764e-01
13 54  -8.024462893266e-03
13 56  -8.024462893266e-03
13 75  -8.024462893266e-03
14 14   2.138639741528e+01
14 17  -9.615384499658e-02
14 22  -2.129024357028e+01
15 15   2.138639741528e+01
15 18  -9.615384499658e-02
15 23  -2.129024357028e+01
16 1  -8.024462893266e-03
16 10  -9.615384499658e-02
16 16   1.282516965696e-01
16 56  -8.024462893266e-03
16 58  -8.024462893266e-03
16 75  -8.024462893266e-03
17 1  -8.024462893266e-03
17 2  -8.024462893266e-03
17 14  -9.615384499658e-02
17 17   1.282516965696e-01
17 58  -8.024462893266e-03
17 60  -8.024462893266e-03
18 2  -8.024462893266e-03
18 15  -9.615384499658e-02
18 18   1.202272336764e-01
18 60  -8.024462893266e-03
18 61  -8.024462893266e-03
19 8  -2.129024357028e+01
19 19   8.443812625859e+01
19 20  -3.157394134415e+01
19 51  -3.157394134415e+01
20 9  -2.129024357028e+01
20 19  -3.157394134415e+01
20 20   8.443812625859e+01
20 21  -3.157394134415e+01
21 10  -2.129024357028e+01
21 20  -3.157394134415e+01
21 21   8.443812625859e+01
21 22  -3.157394134415e+01
22 14  -2.129024357028e+01
22 21  -3.157394134415e+01
22 22   8.443812625859e+01
22 23  -3.157394134415e+01
23 15  -2.129024357028e+01
23 22  -3.157394134415e+01
23 23   5.286418491443e+01
24 24   1.202272336764e-01
24 39  -8.024462893266e-03
24 54  -8.024462893266e-03
24 56  -8.024462893266e-03
24 66  -9.615384499658e-02
25 25   2.138639741528e+01
25 29  -9.615384499658e-02
25 34  -2.129024357028e+01
26 0  -9.615384499658e-02
26 26   1.282516965696e-01
26 39  -8.024462893266e-03
26 40  -8.024462893266e-03
26 56  -8.024462893266e-03
26 58  -8.024462893266e-03
27 12  -9.615384499658e-02
27 27   1.282516965696e-01
27 40  -8.024462893266e-03
27 43  -8.024462893266e-03
27 58  -8.024462893266e-03
27 60  -8.024462893266e-03
28 28   2.138639741528e+01
28 30  -9.615384499658e-02
28 35  -2.129024357028e+01
29 25  -9.615384499658e-02
29 29   1.202272336764e-01
29 43  -8.024462893266e-03
29 60  -8.024462893266e-03
29 61  -8.024462893266e-03
30 28  -9.615384499658e-02
30 30   1.122027707831e-01
30 44  -8.024462893266e-03
30 45  -8.024462893266e-03
31 31   8.443812625859e+01
31 32  -3.157394134415e+01
31 51  -3.157394134415e+01
31 66  -2.129024357028e+01
32 0  -2.129024357028e+01
32 31  -3.157394134415e+01
32 32   8.443812625859e+01
32 33  -3.157394134415e+01
33 12  -2.129024357028e+01
33 32  -3.157394134415e+01
33 33   8.443812625859e+01
33 34  -3.157394134415e+01
34 25  -2.129024357028e+01
34 33  -3.157394134415e+01
34 34   8.443812625859e+01
34 35  -3.157394134415e+01
35 28  -2.129024357028e+01
35 34  -3.157394134415e+01
35 35   5.286418491443e+01
36 36   2.138639741528e+01
36 39  -9.615384499658e-02
36 46  -2.129024357028e+01
37 37   2.138639741528e+01
37 40  -9.615384499658e-02
37 47  -2.129024357028e+01
38 38   2.138639741528e+01
38 43  -9.615384499658e-02
38 48  -2.129024357028e+01
39 24  -8.024462893266e-03
39 26  -8.024462893266e-03
39 36  -9.615384499658e-02
39 39   1.202272336764e-01
39 71  -8.024462893266e-03
40 26  -8.024462893266e-03
40 27  -8.024462893266e-03
40 37  -9.615384499658e-02
40 40   1.282516965696e-01
40 71  -8.024462893266e-03
40 72  -8.024462893266e-03
41 41   2.138639741528e+01
41 44  -9.615384499658e-02
41 49  -2.129024357028e+01
42 42   2.138639741528e+01
42 45  -9.615384499658e-02
42 50  -2.129024357028e+01
43 27  -8.024462893266e-03
43 29  -8.024462893266e-03
43 38  -9.615384499658e-02
43 43   1.202272336764e-01
43 72  -8.024462893266e-03
44 1  -8.024462893266e-03
44 30  -8.024462893266e-03
44 41  -9.615384499658e-02
44 44   1.202272336764e-01
44 75  -8.024462893266e-03
45 1  -8.024462893266e-03
45 2  -8.024462893266e-03
45 30  -8.024462893266e-03
45 42  -9.615384499658e-02
45 45   1.202272336764e-01
46 36  -2.129024357028e+01
46 46   8.443812625859e+01
46 47  -3.157394134415e+01
46 51  -3.157394134415e+01
47 37  -2.129024357028e+01
47 46  -3.157394134415e+01
47 47   8.443812625859e+01
47 48  -3.157394134415e+01
48 38  -2.129024357028e+01
48 47  -3.157394134415e+01
48 48   8.443812625859e+01
48 49  -3.157394134415e+01
49 41  -2.129024357028e+01
49 48  -3.157394134415e+01
49 49   8.443812625859e+01
49 50  -3.157394134415e+01
50 42  -2.129024357028e+01
50 49  -3.157394134415e+01
50 50   5.286418491443e+01
51 3  -3.157394134415e+01
51 19  -3.157394134415e+01
51 31  -3.157394134415e+01
51 46  -3.157394134415e+01
51 51   1.628697066463e+02
51 62  -3.157394134415e+01
52 52   2.138639741528e+01
52 54  -9.615384499658e-02
52 62  -2.129024357028e+01
53 53   2.138639741528e+01
53 56  -9.615384499658e-02
53 63  -2.129024357028e+01
54 13  -8.024462893266e-03
54 24  -8.024462893266e-03
54 52  -9.615384499658e-02
54 54   1.122027707831e-01
55 55   2.138639741528e+01
55 58  -9.615384499658e-02
55 64  -2.129024357028e+01
56 13  -8.024462893266e-03
56 16  -8.024462893266e-03
56 24  -8.024462893266e-03
56 26  -8.024462893266e-03
56 53  -9.615384499658e-02
56 56   1.282516965696e-01
57 57   2.138639741528e+01
57 60  -9.615384499658e-02
57 65  -2.129024357028e+01
58 16  -8.024462893266e-03
58 17  -8.024462893266e-03
58 26  -8.024462893266e-03
58 27  -8.024462893266e-03
58 55  -9.615384499658e-02
58 58   1.282516965696e-01
59 59   2.138639741528e+01
59 61  -9.615384499658e-02
59 67  -2.129024357028e+01
60 17  -8.024462893266e-03
60 18  -8.024462893266e-03
60 27  -8.024462893266e-03
60 29  -8.024462893266e-03
60 57  -9.615384499658e-02
60 60   1.282516965696e-01
61 18  -8.024462893266e-03
61 29  -8.024462893266e-03
61 59  -9.615384499658e-02
61 61   1.122027707831e-01
62 51  -3.157394134415e+01
62 52  -2.129024357028e+01
62 62   8.443812625859e+01
62 63  -3.157394134415e+01
63 53  -2.129024357028e+01
63 62  -3.157394134415e+01
63 63   8.443812625859e+01
63 64  -3.157394134415e+01
64 55  -2.129024357028e+01
64 63  -3.157394134415e+01
64 64   8.443812625859e+01
64 65  -3.157394134415e+01
65 57  -2.129024357028e+01
65 64  -3.157394134415e+01
65 65   8.443812625859e+01
65 67  -3.157394134415e+01
66 24  -9.615384499658e-02
66 31  -2.129024357028e+01
66 66   2.138639741528e+01
67 59  -2.129024357028e+01
67 65  -3.157394134415e+01
67 67   5.286418491443e+01
68 3  -2.129024357028e+01
68 68   2.138639741528e+01
68 71  -9.615384499658e-02
69 4  -2.129024357028e+01
69 69   2.138639741528e+01
69 72  -9.615384499658e-02
70 5  -2.129024357028e+01
70 70   2.138639741528e+01
70 75  -9.615384499658e-02
71 11  -8.024462893266e-03
71 39  -8.024462893266e-03
71 40  -8.024462893266e-03
71 68  -9.615384499658e-02
71 71   1.202272336764e-01
72 11  -8.024462893266e-03
72 40  -8.024462893266e-03
72 43  -8.024462893266e-03
72 69  -9.615384499658e-02
72 72   1.202272336764e-01
73 1  -9.615384499658e-02
73 6  -2.129024357028e+01
73 73   2.138639741528e+01
74 2  -9.615384499658e-02
74 7  -2.129024357028e+01
74 74   2.138639741528e+01
75 13  -8.024462893266e-03
75 16  -8.024462893266e-03
75 44  -8.024462893266e-03
75 70  -9.615384499658e-02
75 75   1.202272336764e-01
