 17
     0     0   7.356792569187e-03  -2.523583992483e-02
     0     1  -2.647561895977e-03   1.059024758391e-02
     0     4  -3.480497213852e-03   1.414653752149e-02
     1     0  -2.647561895977e-03   1.059024758391e-02
     1     1   8.301972153308e-03  -2.580294767530e-02
     1     2  -3.480497213852e-03   1.414653752149e-02
     2     1  -3.480497213852e-03   1.414653752149e-02
     2     2   8.263346603143e-03  -2.850546659296e-02
     2     3  -1.323780947989e-03   5.295123791955e-03
     2     4  -2.135817023533e-03   8.462671061033e-03
     3     2  -1.323780947989e-03   5.295123791955e-03
     3     3   4.412073577558e-03  -1.278723571009e-02
     3     4  -1.765041211800e-03   7.060164847200e-03
     4     0  -3.480497213852e-03   1.414653752149e-02
     4     2  -2.135817023533e-03   8.462671061033e-03
     4     3  -1.765041211800e-03   7.060164847200e-03
     4     4   8.988160742191e-03  -3.029035641365e-02