 1.500000000001e+02
 2.990000000001e+02
 4.470000000002e+02
 5.940000000002e+02
 7.400000000003e+02
 8.850000000004e+02
 1.029000000000e+03
 1.172000000001e+03
 1.314000000001e+03
 1.455000000001e+03
 1.595000000001e+03
 1.734000000001e+03
 1.872000000001e+03
 2.009000000001e+03
 2.145000000001e+03
 2.280000000001e+03
 2.414000000001e+03
 2.547000000001e+03
 2.679000000001e+03
 2.810000000001e+03
 2.940000000001e+03
 3.069000000001e+03
 3.197000000002e+03
 3.324000000002e+03
 3.450000000002e+03
 3.575000000002e+03
 3.699000000002e+03
 3.822000000002e+03
 3.944000000002e+03
 4.065000000002e+03
 4.185000000002e+03
 4.304000000002e+03
 4.422000000002e+03
 4.539000000002e+03
 4.655000000003e+03
 4.770000000003e+03
 4.884000000003e+03
 4.997000000003e+03
 5.109000000003e+03
 5.220000000003e+03
 5.330000000003e+03
 5.439000000003e+03
 5.547000000003e+03
 5.654000000003e+03
 5.760000000003e+03
 5.865000000003e+03
 5.969000000003e+03
 6.072000000004e+03
 6.174000000004e+03
 6.275000000004e+03
 6.375000000004e+03
 6.474000000004e+03
 6.572000000004e+03
 6.669000000004e+03
 6.765000000004e+03
 6.860000000004e+03
 6.954000000004e+03
 7.047000000004e+03
 7.139000000004e+03
 7.230000000004e+03
 7.320000000004e+03
 7.409000000004e+03
 7.497000000004e+03
 7.584000000004e+03
 7.670000000005e+03
 7.755000000005e+03
 7.839000000005e+03
 7.922000000005e+03
 8.004000000005e+03
 8.085000000005e+03
 8.165000000005e+03
 8.244000000005e+03
 8.322000000005e+03
 8.399000000005e+03
 8.475000000005e+03
 8.550000000005e+03
 8.624000000005e+03
 8.697000000005e+03
 8.769000000005e+03
 8.840000000005e+03
 8.910000000005e+03
 8.979000000005e+03
 9.047000000005e+03
 9.114000000005e+03
 9.180000000005e+03
 9.245000000005e+03
 9.309000000006e+03
 9.372000000006e+03
 9.434000000006e+03
 9.495000000006e+03
 9.555000000006e+03
 9.614000000006e+03
 9.672000000006e+03
 9.729000000006e+03
 9.785000000006e+03
 9.840000000006e+03
 9.894000000006e+03
 9.947000000006e+03
 9.999000000006e+03
 1.005000000001e+04
 1.010000000001e+04
 1.014900000001e+04
 1.019700000001e+04
 1.024400000001e+04
 1.029000000001e+04
 1.033500000001e+04
 1.037900000001e+04
 1.042200000001e+04
 1.046400000001e+04
 1.050500000001e+04
 1.054500000001e+04
 1.058400000001e+04
 1.062200000001e+04
 1.065900000001e+04
 1.069500000001e+04
 1.073000000001e+04
 1.076400000001e+04
 1.079700000001e+04
 1.082900000001e+04
 1.086000000001e+04
 1.089000000001e+04
 1.091900000001e+04
 1.094700000001e+04
 1.097400000001e+04
 1.100000000001e+04
 1.102500000001e+04
 1.104900000001e+04
 1.107200000001e+04
 1.109400000001e+04
 1.111500000001e+04
 1.113500000001e+04
 1.115400000001e+04
 1.117200000001e+04
 1.118900000001e+04
 1.120500000001e+04
 1.122000000001e+04
 1.123400000001e+04
 1.124700000001e+04
 1.125900000001e+04
 1.127000000001e+04
 1.128000000001e+04
 1.128900000001e+04
 1.129700000001e+04
 1.130400000001e+04
 1.131000000001e+04
 1.131500000001e+04
 1.131900000001e+04
 1.132200000001e+04
 1.132400000001e+04
 1.132500000001e+04
 1.132500000001e+04
 1.132400000001e+04
 1.132200000001e+04
 1.131900000001e+04
 1.131500000001e+04
 1.131000000001e+04
 1.130400000001e+04
 1.129700000001e+04
 1.128900000001e+04
 1.128000000001e+04
 1.127000000001e+04
 1.125900000001e+04
 1.124700000001e+04
 1.123400000001e+04
 1.122000000001e+04
 1.120500000001e+04
 1.118900000001e+04
 1.117200000001e+04
 1.115400000001e+04
 1.113500000001e+04
 1.111500000001e+04
 1.109400000001e+04
 1.107200000001e+04
 1.104900000001e+04
 1.102500000001e+04
 1.100000000001e+04
 1.097400000001e+04
 1.094700000001e+04
 1.091900000001e+04
 1.089000000001e+04
 1.086000000001e+04
 1.082900000001e+04
 1.079700000001e+04
 1.076400000001e+04
 1.073000000001e+04
 1.069500000001e+04
 1.065900000001e+04
 1.062200000001e+04
 1.058400000001e+04
 1.054500000001e+04
 1.050500000001e+04
 1.046400000001e+04
 1.042200000001e+04
 1.037900000001e+04
 1.033500000001e+04
 1.029000000001e+04
 1.024400000001e+04
 1.019700000001e+04
 1.014900000001e+04
 1.010000000001e+04
 1.005000000001e+04
 9.999000000006e+03
 9.947000000006e+03
 9.894000000006e+03
 9.840000000006e+03
 9.785000000005e+03
 9.729000000005e+03
 9.672000000005e+03
 9.614000000005e+03
 9.555000000005e+03
 9.495000000005e+03
 9.434000000005e+03
 9.372000000005e+03
 9.309000000005e+03
 9.245000000005e+03
 9.180000000005e+03
 9.114000000005e+03
 9.047000000005e+03
 8.979000000005e+03
 8.910000000004e+03
 8.840000000004e+03
 8.769000000004e+03
 8.697000000004e+03
 8.624000000004e+03
 8.550000000004e+03
 8.475000000004e+03
 8.399000000004e+03
 8.322000000004e+03
 8.244000000004e+03
 8.165000000004e+03
 8.085000000004e+03
 8.004000000004e+03
 7.922000000004e+03
 7.839000000004e+03
 7.755000000003e+03
 7.670000000003e+03
 7.584000000003e+03
 7.497000000003e+03
 7.409000000003e+03
 7.320000000003e+03
 7.230000000003e+03
 7.139000000003e+03
 7.047000000003e+03
 6.954000000003e+03
 6.860000000003e+03
 6.765000000003e+03
 6.669000000003e+03
 6.572000000003e+03
 6.474000000003e+03
 6.375000000003e+03
 6.275000000003e+03
 6.174000000003e+03
 6.072000000002e+03
 5.969000000002e+03
 5.865000000002e+03
 5.760000000002e+03
 5.654000000002e+03
 5.547000000002e+03
 5.439000000002e+03
 5.330000000002e+03
 5.220000000002e+03
 5.109000000002e+03
 4.997000000002e+03
 4.884000000002e+03
 4.770000000002e+03
 4.655000000002e+03
 4.539000000002e+03
 4.422000000002e+03
 4.304000000002e+03
 4.185000000002e+03
 4.065000000002e+03
 3.944000000001e+03
 3.822000000001e+03
 3.699000000001e+03
 3.575000000001e+03
 3.450000000001e+03
 3.324000000001e+03
 3.197000000001e+03
 3.069000000001e+03
 2.940000000001e+03
 2.810000000001e+03
 2.679000000001e+03
 2.547000000001e+03
 2.414000000001e+03
 2.280000000001e+03
 2.145000000001e+03
 2.009000000001e+03
 1.872000000001e+03
 1.734000000001e+03
 1.595000000001e+03
 1.455000000000e+03
 1.314000000000e+03
 1.172000000000e+03
 1.029000000000e+03
 8.850000000003e+02
 7.400000000002e+02
 5.940000000002e+02
 4.470000000001e+02
 2.990000000001e+02
 1.500000000000e+02
