 1.562790697674e+01
 3.027906976744e+01
 4.397674418605e+01
 5.674418604651e+01
 6.860465116279e+01
 7.958139534884e+01
 8.969767441861e+01
 9.897674418605e+01
 1.074418604651e+02
 1.151162790698e+02
 1.220232558140e+02
 1.281860465116e+02
 1.336279069767e+02
 1.383720930233e+02
 1.424418604651e+02
 1.458604651163e+02
 1.486511627907e+02
 1.508372093023e+02
 1.524418604651e+02
 1.534883720930e+02
 1.540000000000e+02
 1.540000000000e+02
 1.535116279070e+02
 1.525581395349e+02
 1.511627906977e+02
 1.493488372093e+02
 1.471395348837e+02
 1.445581395349e+02
 1.416279069767e+02
 1.383720930233e+02
 1.348139534884e+02
 1.309767441860e+02
 1.268837209302e+02
 1.225581395349e+02
 1.180232558140e+02
 1.133023255814e+02
 1.084186046512e+02
 1.033953488372e+02
 9.825581395349e+01
 9.302325581396e+01
 8.772093023256e+01
 8.237209302326e+01
 7.700000000000e+01
 7.162790697675e+01
 6.627906976744e+01
 6.097674418605e+01
 5.574418604651e+01
 5.060465116279e+01
 4.558139534884e+01
 4.069767441861e+01
 3.597674418605e+01
 3.144186046512e+01
 2.711627906977e+01
 2.302325581395e+01
 1.918604651163e+01
 1.562790697674e+01
 1.237209302326e+01
 9.441860465117e+00
 6.860465116279e+00
 4.651162790698e+00
 2.837209302326e+00
 1.441860465116e+00
 4.883720930233e-01
 0.000000000000e+00
