-4.833448130504e-03
-1.495770355024e-02
-1.662654722734e-02
-4.596937958238e-03
-4.669717919474e-03
-4.709848499699e-03
-4.768550566253e-03
-4.800384380666e-03
-4.692005564607e-03
-4.793286937153e-03
-4.872911564657e-03
-1.665897511439e-02
-4.923672519176e-03
-1.450024265611e-02
-4.949842415512e-03
-4.973770979920e-03
-1.338946825318e-02
-1.673763345886e-02
-1.557964140912e-02
-4.640151178320e-03
-4.751704586527e-03
-4.836722468113e-03
-4.898853907430e-03
-4.928120039168e-03
-1.528924955489e-02
-4.996172847418e-03
-1.666581228854e-02
-1.553607777755e-02
-5.027755811835e-03
-1.697500977069e-02
-1.674544899178e-02
-4.653310532533e-03
-4.782168297285e-03
-4.877903785636e-03
-4.944234174288e-03
-4.977000064637e-03
-4.698147502422e-03
-4.810669295098e-03
-4.905702995388e-03
-1.658094922908e-02
-1.542063120193e-02
-4.950836529025e-03
-4.983706206816e-03
-1.686961308670e-02
-1.463227293616e-02
-1.550783648828e-02
-4.646655471064e-03
-4.764945585219e-03
-4.853883861739e-03
-4.909373347142e-03
-4.938410170193e-03
-4.495110688537e-03
-4.702660319971e-03
-4.819631133833e-03
-1.644498720987e-02
-4.921803567888e-03
-1.504346957676e-02
-4.980031188443e-03
-1.659663659644e-02
-5.019724846064e-03
-1.560102559343e-02
-1.699869808928e-02
-4.651789985381e-03
-4.775623919522e-03
-4.871242751484e-03
-4.934228277496e-03
-4.698982431964e-03
-4.967788808895e-03
-4.642447576956e-03
-4.720846568972e-03
-4.685292734372e-03
-1.525751674875e-02
-1.664136907403e-02
-4.811384440418e-03
-4.850581916439e-03
 0.000000000000e+00
