1.051022  -18.548184
1.052629  -17.948400
1.054290  -17.365266
1.056031  -16.791348
1.057854  -16.226888
1.059767  -15.671860
1.061774  -15.126248
1.063882  -14.590035
1.066097  -14.063203
1.068427  -13.545732
1.070879  -13.037604
1.073463  -12.538795
1.076188  -12.049285
1.079063  -11.569050
1.082101  -11.098064
1.085312  -10.636301
1.088712  -10.183733
1.092314  -9.740329
1.096134  -9.306059
1.100190  -8.880887
1.104501  -8.464777
1.109090  -8.057690
1.113979  -7.659583
1.119195  -7.270411
1.124768  -6.890125
1.130729  -6.518672
1.137116  -6.155992
1.143968  -5.802024
1.151331  -5.456699
1.159256  -5.119940
1.167800  -4.791665
1.177028  -4.471782
1.187014  -4.160190
1.197839  -3.856776
1.209599  -3.561415
1.222402  -3.273966
1.236371  -2.994271
1.251648  -2.722153
1.268398  -2.457409
1.286811  -2.199810
1.307107  -1.949092
1.329544  -1.704953
1.354425  -1.467043
1.382108  -1.234956
1.413013  -1.008216
1.447646  -0.786263
1.486608  -0.568435
1.530626  -0.353942
1.580580  -0.141834
1.637547  0.069036
1.702849  0.280070
1.778128  0.492992
1.865433  0.709943
1.967355  0.933608
2.087193  1.167393
2.229200  1.415663
2.398921  1.684086
2.603683  1.980120
2.853303  2.313727
3.000000  2.500001
