1.051022474798700e+00  -1.854818363786208e+01
1.052628728832656e+00  -1.794840021067312e+01
1.054290124298860e+00  -1.736526614233975e+01
1.056030635737150e+00  -1.679134849388600e+01
1.057854492426334e+00  -1.622688791125541e+01
1.059767051445904e+00  -1.567185972086416e+01
1.061774070049049e+00  -1.512624781108453e+01
1.063881776067024e+00  -1.459003486101019e+01
1.066096912884371e+00  -1.406320267246606e+01
1.068426790213833e+00  -1.354573227016552e+01
1.070879343017231e+00  -1.303760351044641e+01
1.073463194796174e+00  -1.253879526751105e+01
1.076187730587682e+00  -1.204928518592047e+01
1.079063177878196e+00  -1.156904964221015e+01
1.082100697686675e+00  -1.109806367559575e+01
1.085312488485840e+00  -1.063630072361755e+01
1.088711902421487e+00  -1.018373253896419e+01
1.092313575799955e+00  -9.740329204418767e+00
1.096133580777762e+00  -9.306058674030886e+00
1.100189593862286e+00  -8.880886780837205e+00
1.104501090743877e+00  -8.464776894435893e+00
1.109089567064697e+00  -8.057689737931700e+00
1.113978792201024e+00  -7.659583069572127e+00
1.119195100829864e+00  -7.270411315390241e+00
1.124767727188443e+00  -6.890125254109884e+00
1.130729191957306e+00  -6.518671557821593e+00
1.137115749747792e+00  -6.155992289558787e+00
1.143967908361573e+00  -5.802024332272689e+00
1.151331032917298e+00  -5.456698743919619e+00
1.159256052381826e+00  -5.119939957412699e+00
1.167800285816585e+00  -4.791664922416939e+00
1.177028414894646e+00  -4.471782043176047e+00
1.187013631219604e+00  -4.160189942095427e+00
1.197838993685140e+00  -3.856776042515236e+00
1.209599043906442e+00  -3.561414831140341e+00
1.222401732617136e+00  -3.273965847694309e+00
1.236370729427282e+00  -2.994271260509541e+00
1.251648203634636e+00  -2.722152961479178e+00
1.268398187396120e+00  -2.457409072854650e+00
1.286810664153371e+00  -2.199809706595229e+00
1.307106562570389e+00  -1.949091816880185e+00
1.329543891779606e+00  -1.704952881991751e+00
1.354425319793530e+00  -1.467043133785913e+00
1.382107592269634e+00  -1.234955922434218e+00
1.413013312784062e+00  -1.008215696658918e+00
1.447645775952439e+00  -7.862629063273476e-01
1.486607778716667e+00  -5.684348963558398e-01
1.530625657966376e+00  -3.539415417746563e-01
1.580580255921789e+00  -1.418339165993449e-01
1.637547155018492e+00  6.903634976013032e-02
1.702849441251822e+00  2.800702934346336e-01
1.778127584608891e+00  4.929920100582793e-01
1.865432978969380e+00  7.099427723097216e-01
1.967354596260530e+00  9.336083348133905e-01
2.087192620976958e+00  1.167393303460826e+00
2.229199727322420e+00  1.415663243959513e+00
2.398921330176988e+00  1.684085875379907e+00
2.603683240862365e+00  1.980119797255493e+00
2.853303200367196e+00  2.313727243483257e+00
3.000000000000000e+00  2.500001013583254e+00
