4.250611724764077e-02  9.138550059655685e-01  1.069466257471173e+00  8.324051229658274e-01  -8.455716297530061e-01
8.621057124295586e-02  8.254197926941548e-01  1.111466227924222e+00  6.674363271984769e-01  -7.165216969161489e-01
1.309665358231127e-01  7.382184951202653e-01  1.128207376492230e+00  5.090947745624075e-01  -6.112616361163145e-01
1.760953426592625e-01  6.561353121748488e-01  1.122767309122495e+00  3.623339875964505e-01  -5.283731812711546e-01
2.218987801714650e-01  5.804738998991192e-01  1.098754496453295e+00  2.279037211820943e-01  -4.639596360111739e-01
2.686490016761257e-01  5.121814889751320e-01  1.059254761182826e+00  1.063873128756653e-01  -4.147299653720679e-01
3.166215866444616e-01  4.518922282393145e-01  1.006982536554522e+00  -1.822436045588856e-03  -3.777962465737569e-01
3.661154975783191e-01  3.999704558475775e-01  9.443638012399301e-01  -9.650783035957475e-02  -3.505684560780741e-01
4.174743466704265e-01  3.565418824913992e-01  8.735843005654935e-01  -1.776087052177902e-01  -3.306873280974708e-01
4.711138912404623e-01  3.215161264396936e-01  7.966157892505191e-01  -2.452032003104439e-01  -3.159773637104704e-01
5.275631009449471e-01  2.946022230997778e-01  7.152251333141963e-01  -2.994856752105680e-01  -3.044089000411804e-01
5.875328895988630e-01  2.753174607263272e-01  6.309648656226231e-01  -3.407380816717449e-01  -2.940596109638857e-01
6.520448648567865e-01  2.629882961864001e-01  5.451339423450392e-01  -3.692858078433545e-01  -2.830613621801235e-01
7.182266775496661e-01  2.569627313112450e-01  4.638960418057032e-01  -3.847893590215918e-01  -2.704284852193400e-01
7.855626066446414e-01  2.553777950165955e-01  3.892462962251599e-01  -3.894160647806840e-01  -2.553355972415161e-01
8.549362940460241e-01  2.564216366129642e-01  3.210731715040823e-01  -3.853963413353427e-01  -2.371607441819258e-01
9.271972820971479e-01  2.585362084594385e-01  2.592493241453526e-01  -3.744750251304915e-01  -2.156060465716872e-01
1.003323735429431e+00  2.603221966807669e-01  2.035510445703663e-01  -3.580566844026802e-01  -1.906090138911614e-01
1.084572179835205e+00  2.604793352770245e-01  1.536453081121328e-01  -3.372567057439169e-01  -1.622868359740544e-01
1.172728673297918e+00  2.577438633320250e-01  1.090784223360896e-01  -3.128967427911495e-01  -1.308859351795873e-01
1.270392042875796e+00  2.508027565589520e-01  6.933810685495236e-02  -2.854972412592379e-01  -9.679664558155618e-02
1.369540067041669e+00  2.397624217480757e-01  3.729451375477916e-02  -2.584229738184465e-01  -6.434454903314143e-02
1.473106596729266e+00  2.246386212379718e-01  1.082719898539821e-02  -2.316003992215727e-01  -3.388516630185073e-02
1.583715209231413e+00  2.055272905461769e-01  -1.128682030258349e-02  -2.048611602443645e-01  -5.984972585309853e-03
1.704714683133883e+00  1.825454339495252e-01  -2.981040018324565e-02  -1.778472950492686e-01  1.874314518736505e-02
1.841354813300373e+00  1.557260449699449e-01  -4.513713032036669e-02  -1.499397252239424e-01  3.964180816646352e-02
1.985389168274649e+00  1.281453137966489e-01  -5.615143205904718e-02  -1.232408367659207e-01  5.448377939831880e-02
2.000000000000000e+00  1.254400281000431e-01  -5.701366057955246e-02  -1.206804517052795e-01  5.562474969870780e-02
