4.483551950703208e-02  7.021252899174870e-01  1.072349225984745e-01  1.695080397403938e+00  1.516530818987921e-01  1.695080397403937e+00  1.072349225984745e-01  7.021252899174851e-01
9.048650558700375e-02  6.476140055910846e-01  1.982306346252178e-01  1.563478515480761e+00  2.803404519648089e-01  1.563478515480761e+00  1.982306346252178e-01  6.476140055910828e-01
1.381362952134663e-01  5.996277521307788e-01  2.768155832173078e-01  1.447629451569418e+00  3.914763520621350e-01  1.447629451569418e+00  2.768155832173076e-01  5.996277521307773e-01
1.878915580604459e-01  5.576128728559375e-01  3.439991459955455e-01  1.346196560202628e+00  4.864882577116629e-01  1.346196560202628e+00  3.439991459955453e-01  5.576128728559360e-01
2.399435434638612e-01  5.209687935231972e-01  4.008607873867444e-01  1.257729926896851e+00  5.669027621458916e-01  1.257729926896851e+00  4.008607873867441e-01  5.209687935231959e-01
2.945052793313441e-01  4.891304690742510e-01  4.484114156215327e-01  1.180865412208970e+00  6.341495054948902e-01  1.180865412208970e+00  4.484114156215324e-01  4.891304690742498e-01
3.518203264353307e-01  4.615638282173419e-01  4.876003089128940e-01  1.114313653983152e+00  6.895709698819251e-01  1.114313653983152e+00  4.876003089128935e-01  4.615638282173409e-01
4.121684277216713e-01  4.377655617401419e-01  5.193147698618621e-01  1.056859556292927e+00  7.344219906793079e-01  1.056859556292926e+00  5.193147698618616e-01  4.377655617401411e-01
4.758729072991855e-01  4.172626064394635e-01  5.443801002311800e-01  1.007361043537300e+00  7.698697208329596e-01  1.007361043537299e+00  5.443801002311794e-01  4.172626064394628e-01
5.433099997182218e-01  3.996115500352794e-01  5.635594845292189e-01  9.647476237761061e-01  7.969934662252115e-01  9.647476237761057e-01  5.635594845292183e-01  3.996115500352788e-01
6.149207693129973e-01  3.843979192825719e-01  5.775537739515808e-01  9.280186700799833e-01  8.167843801220900e-01  9.280186700799828e-01  5.775537739515803e-01  3.843979192825713e-01
6.912265160623605e-01  3.712353191702963e-01  5.870011279703203e-01  8.962413423728338e-01  8.301449563039313e-01  8.962413423728334e-01  5.870011279703198e-01  3.712353191702957e-01
7.728489464549037e-01  3.597643780420646e-01  5.924764540259995e-01  8.685480407278738e-01  8.378882366702873e-01  8.685480407278734e-01  5.924764540259989e-01  3.597643780420642e-01
8.605369603150950e-01  3.496514360227047e-01  5.944905583429653e-01  8.441332389492420e-01  8.407366103113747e-01  8.441332389492415e-01  5.944905583429648e-01  3.496514360227042e-01
9.552027886575953e-01  3.405868877188148e-01  5.934888795181056e-01  8.222494834972053e-01  8.393200225321161e-01  8.222494834972048e-01  5.934888795181051e-01  3.405868877188144e-01
1.057971610094423e+00  3.322830504355022e-01  5.898496117732664e-01  8.022022469080925e-01  8.341733207302577e-01  8.022022469080922e-01  5.898496117732660e-01  3.322830504355018e-01
1.170251027060252e+00  3.244713672472574e-01  5.838809219521656e-01  7.833431754100698e-01  8.257323186356585e-01  7.833431754100694e-01  5.838809219521651e-01  3.244713672472569e-01
1.293830539985468e+00  3.168986553258816e-01  5.758167965989942e-01  7.650610315855401e-01  8.143279231925270e-01  7.650610315855395e-01  5.758167965989938e-01  3.168986553258812e-01
1.431027627009394e+00  3.093219472786308e-01  5.658107741343531e-01  7.467692402597259e-01  8.001772705176218e-01  7.467692402597255e-01  5.658107741343527e-01  3.093219472786305e-01
1.584908613718557e+00  3.015011960662750e-01  5.539263298493859e-01  7.278882766149105e-01  7.833701282285537e-01  7.278882766149103e-01  5.539263298493854e-01  3.015011960662747e-01
1.759634166799275e+00  2.931886228180441e-01  5.401218048903247e-01  7.078199495408118e-01  7.638475818093314e-01  7.078199495408116e-01  5.401218048903241e-01  2.931886228180439e-01
1.961021920042876e+00  2.841125733517883e-01  5.242261199567968e-01  6.859084278266080e-01  7.413676885931265e-01  6.859084278266079e-01  5.242261199567964e-01  2.841125733517880e-01
2.000000000000000e+00  2.824047239695608e-01  5.211742489559006e-01  6.817853146855438e-01  7.370516912330458e-01  6.817853146855437e-01  5.211742489559000e-01  2.824047239695606e-01
