4.199658976858490e-08  -5.003309785087457e-01  -2.001261307916322e-01  4.667758610081887e-07
6.549040102365009e-07  -5.051838478850541e-01  -2.019990581172069e-01  7.312869203506577e-06
1.275483559231871e-06  -5.101425213333746e-01  -2.039569406849123e-01  1.431069067552583e-05
1.899641380170358e-06  -5.151786829078394e-01  -2.059888691705457e-01  2.141803284662749e-05
2.527389463137912e-06  -5.202964749601439e-01  -2.080963318828146e-01  2.863843484439734e-05
3.158685771640656e-06  -5.254996864233890e-01  -2.102806830928334e-01  3.597490670425195e-05
3.793506035174573e-06  -5.307923316876273e-01  -2.125433762636416e-01  4.343074664869891e-05
4.431825469481875e-06  -5.361785048956647e-01  -2.148859066515813e-01  5.100933567036023e-05
5.073601534460141e-06  -5.416622327788390e-01  -2.173097464551788e-01  5.871393112233114e-05
5.718786501997335e-06  -5.472475754203389e-01  -2.198163861293812e-01  6.654780998143965e-05
6.367331829432374e-06  -5.529386622848103e-01  -2.224073504646706e-01  7.451432054411733e-05
7.019176563043625e-06  -5.587395880623083e-01  -2.250841510093227e-01  8.261673799974573e-05
7.674266940585186e-06  -5.646545830545173e-01  -2.278483639658823e-01  9.085850422105505e-05
8.332541157314859e-06  -5.706878771431134e-01  -2.307015683497580e-01  9.924303882072938e-05
8.993927320979443e-06  -5.768436749257655e-01  -2.336453330626006e-01  1.077737070100994e-04
9.658352249928565e-06  -5.831262316739185e-01  -2.366812524583549e-01  1.164539273686518e-04
1.032573546877269e-05  -5.895397932953916e-01  -2.398109176789116e-01  1.252870907990026e-04
1.099599303121812e-05  -5.960886271424981e-01  -2.430359313682778e-01  1.342766055963855e-04
1.166903664020044e-05  -6.027770089281056e-01  -2.463579014889228e-01  1.434258817779165e-04
1.234477820963997e-05  -6.096092639006673e-01  -2.497784621988380e-01  1.527383895978335e-04
1.302311293969078e-05  -6.165895895369486e-01  -2.532991851599514e-01  1.622174206442097e-04
1.370393206243834e-05  -6.237221726945108e-01  -2.569216372518696e-01  1.718662519568127e-04
1.438713878723122e-05  -6.310113545513607e-01  -2.606474655528470e-01  1.816883708033764e-04
1.507260615998888e-05  -6.384611772917544e-01  -2.644781665486330e-01  1.916868659000895e-04
1.576023150931618e-05  -6.460759588236011e-01  -2.684153803873729e-01  2.018652045782149e-04
1.644988056898616e-05  -6.538596778036231e-01  -2.724605751006705e-01  2.122264106200771e-04
1.714143583880763e-05  -6.618164974138466e-01  -2.766153172502270e-01  2.227737686587032e-04
1.783477266639637e-05  -6.699504961328078e-01  -2.808811336547760e-01  2.335104664226503e-04
1.852974622184411e-05  -6.782654978503972e-01  -2.852594217456116e-01  2.444393760978897e-04
1.922623696155705e-05  -6.867656031045121e-01  -2.897517293842475e-01  2.555637568707029e-04
1.992411208664099e-05  -6.954547298487012e-01  -2.943595146129067e-01  2.668866514201732e-04
2.062321663669914e-05  -7.043364776129757e-01  -2.990840726538709e-01  2.784107163821185e-04
2.132342392022934e-05  -7.134147532072482e-01  -3.039268688309587e-01  2.901390388442268e-04
2.202459783011262e-05  -7.226932980052483e-01  -3.088892887775662e-01  3.020745217542595e-04
2.272659050263942e-05  -7.321756374911740e-01  -3.139726111832485e-01  3.142198245801916e-04
2.342926171121897e-05  -7.418653284697317e-01  -3.191781404733687e-01  3.265776841519865e-04
2.413248075930275e-05  -7.517659899567078e-01  -3.245072246361482e-01  3.391509530191888e-04
2.483608430540591e-05  -7.618806979984288e-01  -3.299609297998516e-01  3.519418339909854e-04
2.553994614129272e-05  -7.722129642415749e-01  -3.355405676042041e-01  3.649531239421330e-04
2.624394192833222e-05  -7.827662513116054e-01  -3.412474355487999e-01  3.781875952762101e-04
2.694792190469526e-05  -7.935435472484004e-01  -3.470825868343974e-01  3.916474662041568e-04
2.765175451832733e-05  -8.045480066537539e-01  -3.530471772143249e-01  4.053352078645378e-04
2.835531429816203e-05  -8.157827772153635e-01  -3.591423719375285e-01  4.192533245349721e-04
2.905848335418232e-05  -8.272510276388773e-01  -3.653693613601590e-01  4.334043870630516e-04
2.97