 5.000000000070e+02
 9.990000000141e+02
 1.497000000021e+03
 1.994000000028e+03
 2.490000000035e+03
 2.985000000042e+03
 3.479000000049e+03
 3.972000000056e+03
 4.464000000063e+03
 4.955000000070e+03
 5.445000000078e+03
 5.934000000085e+03
 6.422000000092e+03
 6.909000000099e+03
 7.395000000106e+03
 7.880000000113e+03
 8.364000000120e+03
 8.847000000127e+03
 9.329000000134e+03
 9.810000000141e+03
 1.029000000015e+04
 1.076900000016e+04
 1.124700000016e+04
 1.172400000017e+04
 1.220000000018e+04
 1.267500000018e+04
 1.314900000019e+04
 1.362200000020e+04
 1.409400000020e+04
 1.456500000021e+04
 1.503500000022e+04
 1.550400000023e+04
 1.597200000023e+04
 1.643900000024e+04
 1.690500000025e+04
 1.737000000025e+04
 1.783400000026e+04
 1.829700000027e+04
 1.875900000028e+04
 1.922000000028e+04
 1.968000000029e+04
 2.013900000030e+04
 2.059700000030e+04
 2.105400000031e+04
 2.151000000032e+04
 2.196500000033e+04
 2.241900000033e+04
 2.287200000034e+04
 2.332400000035e+04
 2.377500000035e+04
 2.422500000036e+04
 2.467400000037e+04
 2.512200000037e+04
 2.556900000038e+04
 2.601500000039e+04
 2.646000000039e+04
 2.690400000040e+04
 2.734700000041e+04
 2.778900000042e+04
 2.823000000042e+04
 2.867000000043e+04
 2.910900000044e+04
 2.954700000044e+04
 2.998400000045e+04
 3.042000000046e+04
 3.085500000046e+04
 3.128900000047e+04
 3.172200000048e+04
 3.215400000048e+04
 3.258500000049e+04
 3.301500000050e+04
 3.344400000050e+04
 3.387200000051e+04
 3.429900000052e+04
 3.472500000053e+04
 3.515000000053e+04
 3.557400000054e+04
 3.599700000055e+04
 3.641900000055e+04
 3.684000000056e+04
 3.726000000057e+04
 3.767900000057e+04
 3.809700000058e+04
 3.851400000059e+04
 3.893000000059e+04
 3.934500000060e+04
 3.975900000061e+04
 4.017200000061e+04
 4.058400000062e+04
 4.099500000063e+04
 4.140500000063e+04
 4.181400000064e+04
 4.222200000065e+04
 4.262900000065e+04
 4.303500000066e+04
 4.344000000067e+04
 4.384400000067e+04
 4.424700000068e+04
 4.464900000069e+04
 4.505000000069e+04
 4.545000000070e+04
 4.584900000071e+04
 4.624700000071e+04
 4.664400000072e+04
 4.704000000073e+04
 4.743500000073e+04
 4.782900000074e+04
 4.822200000075e+04
 4.861400000075e+04
 4.900500000076e+04
 4.939500000077e+04
 4.978400000077e+04
 5.017200000078e+04
 5.055900000079e+04
 5.094500000079e+04
 5.133000000080e+04
 5.171400000081e+04
 5.209700000081e+04
 5.247900000082e+04
 5.286000000083e+04
 5.324000000083e+04
 5.361900000084e+04
 5.399700000085e+04
 5.437400000085e+04
 5.475000000086e+04
 5.512500000087e+04
 5.549900000087e+04
 5.587200000088e+04
 5.624400000088e+04
 5.661500000089e+04
 5.698500000090e+04
 5.735400000090e+04
 5.772200000091e+04
 5.808900000092e+04
 5.845500000092e+04
 5.882000000093e+04
 5.918400000093e+04
 5.954700000094e+04
 5.990900000095e+04
 6.027000000095e+04
 6.063000000096e+04
 6.098900000097e+04
 6.134700000097e+04
 6.170400000098e+04
 6.206000000098e+04
 6.241500000099e+04
 6.276900000100e+04
 6.312200000100e+04
 6.347400000101e+04
 6.382500000101e+04
 6.417500000102e+04
 6.452400000103e+04
 6.487200000103e+04
 6.521900000104e+04
 6.556500000104e+04
 6.591000000105e+04
 6.625400000105e+04
 6.659700000106e+04
 6.693900000107e+04
 6.728000000107e+04
 6.762000000108e+04
 6.795900000108e+04
 6.829700000109e+04
 6.863400000110e+04
 6.897000000110e+04
 6.930500000111e+04
 6.963900000111e+04
 6.997200000112e+04
 7.030400000112e+04
 7.063500000113e+04
 7.096500000113e+04
 7.129400000114e+04
 7.162200000115e+04
 7.194900000115e+04
 7.227500000116e+04
 7.260000000116e+04
 7.292400000117e+04
 7.324700000117e+04
 7.356900000118e+04
 7.389000000118e+04
 7.421000000119e+04
 7.452900000119e+04
 7.484700000120e+04
 7.516400000120e+04
 7.548000000121e+04
 7.579500000121e+04
 7.610900000122e+04
 7.642200000122e+04
 7.673400000123e+04
 7.704500000123e+04
 7.735500000124e+04
 7.766400000124e+04
 7.797200000125e+04
 7.827900000126e+04
 7.858500000126e+04
 7.889000000127e+04
 7.919400000127e+04
 7.949700000128e+04
 7.979900000128e+04
 8.010000000129e+04
 8.040000000129e+04
 8.069900000130e+04
 8.099700000130e+04
 8.129400000131e+04
 8.159000000131e+04
 8.188500000132e+04
 8.217900000132e+04
 8.247200000133e+04
 8.276400000133e+04
 8.305500000133e+04
 8.334500000134e+04
 8.363400000134e+04
 8.392200000135e+04
 8.420900000135e+04
 8.449500000136e+04
 8.478000000136e+04
 8.506400000137e+04
 8.534700000137e+04
 8.562900000138e+04
 8.591000000138e+04
 8.619000000139e+04
 8.646900000139e+04
 8.674700000140e+04
 8.702400000140e+04
 8.730000000141e+04
 8.757500000141e+04
 8.784900000142e+04
 8.812200000142e+04
 8.839400000142e+04
 8.866500000143e+04
 8.893500000143e+04
 8.920400000144e+04
 8.947200000144e+04
 8.973900000145e+04
 9.000500000145e+04
 9.027000000146e+04
 9.053400000146e+04
 9.079700000147e+04
 9.105900000147e+04
 9.132000000147e+04
 9.158000000148e+04
 9.183900000148e+04
 9.209700000149e+04
 9.235400000149e+04
 9.261000000150e+04
 9.286500000150e+04
 9.311900000151e+04
 9.337200000151e+04
 9.362400000151e+04
 9.387500000152e+04
 9.412500000152e+04
 9.437400000153e+04
 9.462200000153e+04
 9.486900000154e+04
 9.511500000154e+04
 9.536000000155e+04
 9.560400000155e+04
 9.584700000155e+04
 9.608900000156e+04
 9.633000000156e+04
 9.657000000157e+04
 9.680900000157e+04
 9.704700000158e+04
 9.728400000158e+04
 9.752000000158e+04
 9.775500000159e+04
 9.798900000159e+04
 9.822200000160e+04
 9.845400000160e+04
 9.868500000160e+04
 9.891500000161e+04
 9.914400000161e+04
 9.937200000162e+04
 9.959900000162e+04
 9.982500000163e+04
 1.000500000016e+05
 1.002740000016e+05
 1.004970000016e+05
 1.007190000016e+05
 1.009400000016e+05
 1.011600000016e+05
 1.013790000017e+05
 1.015970000017e+05
 1.018140000017e+05
 1.020300000017e+05
 1.022450000017e+05
 1.024590000017e+05
 1.026720000017e+05
 1.028840000017e+05
 1.030950000017e+05
 1.033050000017e+05
 1.035140000017e+05
 1.037220000017e+05
 1.039290000017e+05
 1.041350000017e+05
 1.043400000017e+05
 1.045440000017e+05
 1.047470000017e+05
 1.049490000017e+05
 1.051500000017e+05
 1.053500000017e+05
 1.055490000017e+05
 1.057470000017e+05
 1.059440000017e+05
 1.061400000017e+05
 1.063350000017e+05
 1.065290000017e+05
 1.067220000018e+05
 1.069140000018e+05
 1.071050000018e+05
 1.072950000018e+05
 1.074840000018e+05
 1.076720000018e+05
 1.078590000018e+05
 1.080450000018e+05
 1.082300000018e+05
 1.084140000018e+05
 1.085970000018e+05
 1.087790000018e+05
 1.089600000018e+05
 1.091400000018e+05
 1.093190000018e+05
 1.094970000018e+05
 1.096740000018e+05
 1.098500000018e+05
 1.100250000018e+05
 1.101990000018e+05
 1.103720000018e+05
 1.105440000018e+05
 1.107150000018e+05
 1.108850000018e+05
 1.110540000018e+05
 1.112220000018e+05
 1.113890000018e+05
 1.115550000019e+05
 1.117200000019e+05
 1.118840000019e+05
 1.120470000019e+05
 1.122090000019e+05
 1.123700000019e+05
 1.125300000019e+05
 1.126890000019e+05
 1.128470000019e+05
 1.130040000019e+05
 1.131600000019e+05
 1.133150000019e+05
 1.134690000019e+05
 1.136220000019e+05
 1.137740000019e+05
 1.139250000019e+05
 1.140750000019e+05
 1.142240000019e+05
 1.143720000019e+05
 1.145190000019e+05
 1.146650000019e+05
 1.148100000019e+05
 1.149540000019e+05
 1.150970000019e+05
 1.152390000019e+05
 1.153800000019e+05
 1.155200000019e+05
 1.156590000019e+05
 1.157970000019e+05
 1.159340000019e+05
 1.160700000019e+05
 1.162050000020e+05
 1.163390000020e+05
 1.164720000020e+05
 1.166040000020e+05
 1.167350000020e+05
 1.168650000020e+05
 1.169940000020e+05
 1.171220000020e+05
 1.172490000020e+05
 1.173750000020e+05
 1.175000000020e+05
 1.176240000020e+05
 1.177470000020e+05
 1.178690000020e+05
 1.179900000020e+05
 1.181100000020e+05
 1.182290000020e+05
 1.183470000020e+05
 1.184640000020e+05
 1.185800000020e+05
 1.186950000020e+05
 1.188090000020e+05
 1.189220000020e+05
 1.190340000020e+05
 1.191450000020e+05
 1.192550000020e+05
 1.193640000020e+05
 1.194720000020e+05
 1.195790000020e+05
 1.196850000020e+05
 1.197900000020e+05
 1.198940000020e+05
 1.199970000020e+05
 1.200990000020e+05
 1.202000000020e+05
 1.203000000020e+05
 1.203990000021e+05
 1.204970000021e+05
 1.205940000021e+05
 1.206900000021e+05
 1.207850000021e+05
 1.208790000021e+05
 1.209720000021e+05
 1.210640000021e+05
 1.211550000021e+05
 1.212450000021e+05
 1.213340000021e+05
 1.214220000021e+05
 1.215090000021e+05
 1.215950000021e+05
 1.216800000021e+05
 1.217640000021e+05
 1.218470000021e+05
 1.219290000021e+05
 1.220100000021e+05
 1.220900000021e+05
 1.221690000021e+05
 1.222470000021e+05
 1.223240000021e+05
 1.224000000021e+05
 1.224750000021e+05
 1.225490000021e+05
 1.226220000021e+05
 1.226940000021e+05
 1.227650000021e+05
 1.228350000021e+05
 1.229040000021e+05
 1.229720000021e+05
 1.230390000021e+05
 1.231050000021e+05
 1.231700000021e+05
 1.232340000021e+05
 1.232970000021e+05
 1.233590000021e+05
 1.234200000021e+05
 1.234800000021e+05
 1.235390000021e+05
 1.235970000022e+05
 1.236540000022e+05
 1.237100000022e+05
 1.237650000022e+05
 1.238190000022e+05
 1.238720000022e+05
 1.239240000022e+05
 1.239750000022e+05
 1.240250000022e+05
 1.240740000022e+05
 1.241220000022e+05
 1.241690000022e+05
 1.242150000022e+05
 1.242600000022e+05
 1.243040000022e+05
 1.243470000022e+05
 1.243890000022e+05
 1.244300000022e+05
 1.244700000022e+05
 1.245090000022e+05
 1.245470000022e+05
 1.245840000022e+05
 1.246200000022e+05
 1.246550000022e+05
 1.246890000022e+05
 1.247220000022e+05
 1.247540000022e+05
 1.247850000022e+05
 1.248150000022e+05
 1.248440000022e+05
 1.248720000022e+05
 1.248990000022e+05
 1.249250000022e+05
 1.249500000022e+05
 1.249740000022e+05
 1.249970000022e+05
 1.250190000022e+05
 1.250400000022e+05
 1.250600000022e+05
 1.250790000022e+05
 1.250970000022e+05
 1.251140000022e+05
 1.251300000022e+05
 1.251450000022e+05
 1.251590000022e+05
 1.251720000022e+05
 1.251840000022e+05
 1.251950000022e+05
 1.252050000022e+05
 1.252140000022e+05
 1.252220000022e+05
 1.252290000022e+05
 1.252350000022e+05
 1.252400000022e+05
 1.252440000022e+05
 1.252470000022e+05
 1.252490000022e+05
 1.252500000022e+05
 1.252500000022e+05
 1.252490000022e+05
 1.252470000022e+05
 1.252440000022e+05
 1.252400000022e+05
 1.252350000022e+05
 1.252290000022e+05
 1.252220000022e+05
 1.252140000022e+05
 1.252050000022e+05
 1.251950000022e+05
 1.251840000022e+05
 1.251720000022e+05
 1.251590000022e+05
 1.251450000022e+05
 1.251300000022e+05
 1.251140000022e+05
 1.250970000022e+05
 1.250790000022e+05
 1.250600000022e+05
 1.250400000022e+05
 1.250190000022e+05
 1.249970000022e+05
 1.249740000022e+05
 1.249500000022e+05
 1.249250000022e+05
 1.248990000022e+05
 1.248720000022e+05
 1.248440000022e+05
 1.248150000022e+05
 1.247850000022e+05
 1.247540000022e+05
 1.247220000022e+05
 1.246890000022e+05
 1.246550000022e+05
 1.246200000022e+05
 1.245840000022e+05
 1.245470000022e+05
 1.245090000022e+05
 1.244700000022e+05
 1.244300000022e+05
 1.243890000022e+05
 1.243470000022e+05
 1.243040000022e+05
 1.242600000022e+05
 1.242150000022e+05
 1.241690000022e+05
 1.241220000022e+05
 1.240740000022e+05
 1.240250000022e+05
 1.239750000022e+05
 1.239240000022e+05
 1.238720000022e+05
 1.238190000022e+05
 1.237650000022e+05
 1.237100000022e+05
 1.236540000022e+05
 1.235970000022e+05
 1.235390000022e+05
 1.234800000022e+05
 1.234200000022e+05
 1.233590000022e+05
 1.232970000022e+05
 1.232340000022e+05
 1.231700000022e+05
 1.231050000022e+05
 1.230390000022e+05
 1.229720000022e+05
 1.229040000022e+05
 1.228350000022e+05
 1.227650000022e+05
 1.226940000022e+05
 1.226220000022e+05
 1.225490000022e+05
 1.224750000022e+05
 1.224000000022e+05
 1.223240000022e+05
 1.222470000022e+05
 1.221690000022e+05
 1.220900000022e+05
 1.220100000022e+05
 1.219290000022e+05
 1.218470000022e+05
 1.217640000021e+05
 1.216800000021e+05
 1.215950000021e+05
 1.215090000021e+05
 1.214220000021e+05
 1.213340000021e+05
 1.212450000021e+05
 1.211550000021e+05
 1.210640000021e+05
 1.209720000021e+05
 1.208790000021e+05
 1.207850000021e+05
 1.206900000021e+05
 1.205940000021e+05
 1.204970000021e+05
 1.203990000021e+05
 1.203000000021e+05
 1.202000000021e+05
 1.200990000021e+05
 1.199970000021e+05
 1.198940000021e+05
 1.197900000021e+05
 1.196850000021e+05
 1.195790000021e+05
 1.194720000021e+05
 1.193640000021e+05
 1.192550000021e+05
 1.191450000021e+05
 1.190340000021e+05
 1.189220000021e+05
 1.188090000021e+05
 1.186950000021e+05
 1.185800000021e+05
 1.184640000021e+05
 1.183470000021e+05
 1.182290000021e+05
 1.181100000021e+05
 1.179900000021e+05
 1.178690000021e+05
 1.177470000021e+05
 1.176240000021e+05
 1.175000000021e+05
 1.173750000021e+05
 1.172490000020e+05
 1.171220000020e+05
 1.169940000020e+05
 1.168650000020e+05
 1.167350000020e+05
 1.166040000020e+05
 1.164720000020e+05
 1.163390000020e+05
 1.162050000020e+05
 1.160700000020e+05
 1.159340000020e+05
 1.157970000020e+05
 1.156590000020e+05
 1.155200000020e+05
 1.153800000020e+05
 1.152390000020e+05
 1.150970000020e+05
 1.149540000020e+05
 1.148100000020e+05
 1.146650000020e+05
 1.145190000020e+05
 1.143720000020e+05
 1.142240000020e+05
 1.140750000020e+05
 1.139250000020e+05
 1.137740000020e+05
 1.136220000020e+05
 1.134690000020e+05
 1.133150000020e+05
 1.131600000020e+05
 1.130040000020e+05
 1.128470000019e+05
 1.126890000019e+05
 1.125300000019e+05
 1.123700000019e+05
 1.122090000019e+05
 1.120470000019e+05
 1.118840000019e+05
 1.117200000019e+05
 1.115550000019e+05
 1.113890000019e+05
 1.112220000019e+05
 1.110540000019e+05
 1.108850000019e+05
 1.107150000019e+05
 1.105440000019e+05
 1.103720000019e+05
 1.101990000019e+05
 1.100250000019e+05
 1.098500000019e+05
 1.096740000019e+05
 1.094970000019e+05
 1.093190000019e+05
 1.091400000019e+05
 1.089600000019e+05
 1.087790000019e+05
 1.085970000019e+05
 1.084140000018e+05
 1.082300000018e+05
 1.080450000018e+05
 1.078590000018e+05
 1.076720000018e+05
 1.074840000018e+05
 1.072950000018e+05
 1.071050000018e+05
 1.069140000018e+05
 1.067220000018e+05
 1.065290000018e+05
 1.063350000018e+05
 1.061400000018e+05
 1.059440000018e+05
 1.057470000018e+05
 1.055490000018e+05
 1.053500000018e+05
 1.051500000018e+05
 1.049490000018e+05
 1.047470000018e+05
 1.045440000018e+05
 1.043400000018e+05
 1.041350000017e+05
 1.039290000017e+05
 1.037220000017e+05
 1.035140000017e+05
 1.033050000017e+05
 1.030950000017e+05
 1.028840000017e+05
 1.026720000017e+05
 1.024590000017e+05
 1.022450000017e+05
 1.020300000017e+05
 1.018140000017e+05
 1.015970000017e+05
 1.013790000017e+05
 1.011600000017e+05
 1.009400000017e+05
 1.007190000017e+05
 1.004970000017e+05
 1.002740000017e+05
 1.000500000017e+05
 9.982500000165e+04
 9.959900000165e+04
 9.937200000164e+04
 9.914400000164e+04
 9.891500000163e+04
 9.868500000163e+04
 9.845400000162e+04
 9.822200000162e+04
 9.798900000161e+04
 9.775500000161e+04
 9.752000000160e+04
 9.728400000160e+04
 9.704700000159e+04
 9.680900000159e+04
 9.657000000159e+04
 9.633000000158e+04
 9.608900000158e+04
 9.584700000157e+04
 9.560400000157e+04
 9.536000000156e+04
 9.511500000156e+04
 9.486900000155e+04
 9.462200000155e+04
 9.437400000154e+04
 9.412500000154e+04
 9.387500000153e+04
 9.362400000152e+04
 9.337200000152e+04
 9.311900000151e+04
 9.286500000151e+04
 9.261000000150e+04
 9.235400000150e+04
 9.209700000149e+04
 9.183900000149e+04
 9.158000000148e+04
 9.132000000148e+04
 9.105900000147e+04
 9.079700000147e+04
 9.053400000146e+04
 9.027000000146e+04
 9.000500000145e+04
 8.973900000145e+04
 8.947200000144e+04
 8.920400000144e+04
 8.893500000143e+04
 8.866500000142e+04
 8.839400000142e+04
 8.812200000141e+04
 8.784900000141e+04
 8.757500000140e+04
 8.730000000140e+04
 8.702400000139e+04
 8.674700000139e+04
 8.646900000138e+04
 8.619000000138e+04
 8.591000000137e+04
 8.562900000136e+04
 8.534700000136e+04
 8.506400000135e+04
 8.478000000135e+04
 8.449500000134e+04
 8.420900000134e+04
 8.392200000133e+04
 8.363400000133e+04
 8.334500000132e+04
 8.305500000131e+04
 8.276400000131e+04
 8.247200000130e+04
 8.217900000130e+04
 8.188500000129e+04
 8.159000000129e+04
 8.129400000128e+04
 8.099700000127e+04
 8.069900000127e+04
 8.040000000126e+04
 8.010000000126e+04
 7.979900000125e+04
 7.949700000124e+04
 7.919400000124e+04
 7.889000000123e+04
 7.858500000123e+04
 7.827900000122e+04
 7.797200000121e+04
 7.766400000121e+04
 7.735500000120e+04
 7.704500000120e+04
 7.673400000119e+04
 7.642200000119e+04
 7.610900000118e+04
 7.579500000117e+04
 7.548000000117e+04
 7.516400000116e+04
 7.484700000116e+04
 7.452900000115e+04
 7.421000000114e+04
 7.389000000114e+04
 7.356900000113e+04
 7.324700000113e+04
 7.292400000112e+04
 7.260000000111e+04
 7.227500000111e+04
 7.194900000110e+04
 7.162200000110e+04
 7.129400000109e+04
 7.096500000108e+04
 7.063500000108e+04
 7.030400000107e+04
 6.997200000106e+04
 6.963900000106e+04
 6.930500000105e+04
 6.897000000105e+04
 6.863400000104e+04
 6.829700000103e+04
 6.795900000103e+04
 6.762000000102e+04
 6.728000000102e+04
 6.693900000101e+04
 6.659700000100e+04
 6.625400000100e+04
 6.591000000099e+04
 6.556500000098e+04
 6.521900000098e+04
 6.487200000097e+04
 6.452400000097e+04
 6.417500000096e+04
 6.382500000095e+04
 6.347400000095e+04
 6.312200000094e+04
 6.276900000093e+04
 6.241500000093e+04
 6.206000000092e+04
 6.170400000092e+04
 6.134700000091e+04
 6.098900000090e+04
 6.063000000090e+04
 6.027000000089e+04
 5.990900000088e+04
 5.954700000088e+04
 5.918400000087e+04
 5.882000000087e+04
 5.845500000086e+04
 5.808900000085e+04
 5.772200000085e+04
 5.735400000084e+04
 5.698500000083e+04
 5.661500000083e+04
 5.624400000082e+04
 5.587200000081e+04
 5.549900000081e+04
 5.512500000080e+04
 5.475000000080e+04
 5.437400000079e+04
 5.399700000078e+04
 5.361900000078e+04
 5.324000000077e+04
 5.286000000076e+04
 5.247900000076e+04
 5.209700000075e+04
 5.171400000074e+04
 5.133000000074e+04
 5.094500000073e+04
 5.055900000072e+04
 5.017200000072e+04
 4.978400000071e+04
 4.939500000071e+04
 4.900500000070e+04
 4.861400000069e+04
 4.822200000069e+04
 4.782900000068e+04
 4.743500000067e+04
 4.704000000067e+04
 4.664400000066e+04
 4.624700000065e+04
 4.584900000065e+04
 4.545000000064e+04
 4.505000000064e+04
 4.464900000063e+04
 4.424700000062e+04
 4.384400000062e+04
 4.344000000061e+04
 4.303500000060e+04
 4.262900000060e+04
 4.222200000059e+04
 4.181400000058e+04
 4.140500000058e+04
 4.099500000057e+04
 4.058400000057e+04
 4.017200000056e+04
 3.975900000055e+04
 3.934500000055e+04
 3.893000000054e+04
 3.851400000053e+04
 3.809700000053e+04
 3.767900000052e+04
 3.726000000052e+04
 3.684000000051e+04
 3.641900000050e+04
 3.599700000050e+04
 3.557400000049e+04
 3.515000000048e+04
 3.472500000048e+04
 3.429900000047e+04
 3.387200000046e+04
 3.344400000046e+04
 3.301500000045e+04
 3.258500000045e+04
 3.215400000044e+04
 3.172200000043e+04
 3.128900000043e+04
 3.085500000042e+04
 3.042000000041e+04
 2.998400000041e+04
 2.954700000040e+04
 2.910900000039e+04
 2.867000000039e+04
 2.823000000038e+04
 2.778900000038e+04
 2.734700000037e+04
 2.690400000036e+04
 2.646000000036e+04
 2.601500000035e+04
 2.556900000034e+04
 2.512200000034e+04
 2.467400000033e+04
 2.422500000032e+04
 2.377500000032e+04
 2.332400000031e+04
 2.287200000031e+04
 2.241900000030e+04
 2.196500000029e+04
 2.151000000029e+04
 2.105400000028e+04
 2.059700000027e+04
 2.013900000027e+04
 1.968000000026e+04
 1.922000000025e+04
 1.875900000025e+04
 1.829700000024e+04
 1.783400000024e+04
 1.737000000023e+04
 1.690500000022e+04
 1.643900000022e+04
 1.597200000021e+04
 1.550400000020e+04
 1.503500000020e+04
 1.456500000019e+04
 1.409400000018e+04
 1.362200000018e+04
 1.314900000017e+04
 1.267500000017e+04
 1.220000000016e+04
 1.172400000015e+04
 1.124700000015e+04
 1.076900000014e+04
 1.029000000013e+04
 9.810000000127e+03
 9.329000000121e+03
 8.847000000114e+03
 8.364000000108e+03
 7.880000000102e+03
 7.395000000095e+03
 6.909000000089e+03
 6.422000000083e+03
 5.934000000076e+03
 5.445000000070e+03
 4.955000000064e+03
 4.464000000057e+03
 3.972000000051e+03
 3.479000000045e+03
 2.985000000038e+03
 2.490000000032e+03
 1.994000000025e+03
 1.497000000019e+03
 9.990000000127e+02
 5.000000000064e+02
