 1.250000000183e+03
 2.499000000365e+03
 3.747000000548e+03
 4.994000000730e+03
 6.240000000913e+03
 7.485000001096e+03
 8.729000001278e+03
 9.972000001461e+03
 1.121400000164e+04
 1.245500000183e+04
 1.369500000201e+04
 1.493400000219e+04
 1.617200000237e+04
 1.740900000256e+04
 1.864500000274e+04
 1.988000000292e+04
 2.111400000310e+04
 2.234700000329e+04
 2.357900000347e+04
 2.481000000365e+04
 2.604000000383e+04
 2.726900000402e+04
 2.849700000420e+04
 2.972400000438e+04
 3.095000000457e+04
 3.217500000475e+04
 3.339900000493e+04
 3.462200000511e+04
 3.584400000530e+04
 3.706500000548e+04
 3.828500000566e+04
 3.950400000584e+04
 4.072200000603e+04
 4.193900000621e+04
 4.315500000639e+04
 4.437000000657e+04
 4.558400000676e+04
 4.679700000694e+04
 4.800900000712e+04
 4.922000000730e+04
 5.043000000749e+04
 5.163900000767e+04
 5.284700000785e+04
 5.405400000803e+04
 5.526000000821e+04
 5.646500000840e+04
 5.766900000858e+04
 5.887200000876e+04
 6.007400000894e+04
 6.127500000912e+04
 6.247500000931e+04
 6.367400000949e+04
 6.487200000967e+04
 6.606900000985e+04
 6.726500001003e+04
 6.846000001022e+04
 6.965400001040e+04
 7.084700001058e+04
 7.203900001076e+04
 7.323000001094e+04
 7.442000001112e+04
 7.560900001131e+04
 7.679700001149e+04
 7.798400001167e+04
 7.917000001185e+04
 8.035500001203e+04
 8.153900001221e+04
 8.272200001240e+04
 8.390400001258e+04
 8.508500001276e+04
 8.626500001294e+04
 8.744400001312e+04
 8.862200001330e+04
 8.979900001348e+04
 9.097500001366e+04
 9.215000001384e+04
 9.332400001403e+04
 9.449700001421e+04
 9.566900001439e+04
 9.684000001457e+04
 9.801000001475e+04
 9.917900001493e+04
 1.003470000151e+05
 1.015140000153e+05
 1.026800000155e+05
 1.038450000157e+05
 1.050090000158e+05
 1.061720000160e+05
 1.073340000162e+05
 1.084950000164e+05
 1.096550000166e+05
 1.108140000167e+05
 1.119720000169e+05
 1.131290000171e+05
 1.142850000173e+05
 1.154400000175e+05
 1.165940000176e+05
 1.177470000178e+05
 1.188990000180e+05
 1.200500000182e+05
 1.212000000184e+05
 1.223490000185e+05
 1.234970000187e+05
 1.246440000189e+05
 1.257900000191e+05
 1.269350000193e+05
 1.280790000194e+05
 1.292220000196e+05
 1.303640000198e+05
 1.315050000200e+05
 1.326450000201e+05
 1.337840000203e+05
 1.349220000205e+05
 1.360590000207e+05
 1.371950000209e+05
 1.383300000210e+05
 1.394640000212e+05
 1.405970000214e+05
 1.417290000216e+05
 1.428600000218e+05
 1.439900000219e+05
 1.451190000221e+05
 1.462470000223e+05
 1.473740000225e+05
 1.485000000227e+05
 1.496250000228e+05
 1.507490000230e+05
 1.518720000232e+05
 1.529940000234e+05
 1.541150000235e+05
 1.552350000237e+05
 1.563540000239e+05
 1.574720000241e+05
 1.585890000243e+05
 1.597050000244e+05
 1.608200000246e+05
 1.619340000248e+05
 1.630470000250e+05
 1.641590000251e+05
 1.652700000253e+05
 1.663800000255e+05
 1.674890000257e+05
 1.685970000258e+05
 1.697040000260e+05
 1.708100000262e+05
 1.719150000264e+05
 1.730190000265e+05
 1.741220000267e+05
 1.752240000269e+05
 1.763250000271e+05
 1.774250000272e+05
 1.785240000274e+05
 1.796220000276e+05
 1.807190000278e+05
 1.818150000279e+05
 1.829100000281e+05
 1.840040000283e+05
 1.850970000285e+05
 1.861890000286e+05
 1.872800000288e+05
 1.883700000290e+05
 1.894590000292e+05
 1.905470000293e+05
 1.916340000295e+05
 1.927200000297e+05
 1.938050000299e+05
 1.948890000300e+05
 1.959720000302e+05
 1.970540000304e+05
 1.981350000306e+05
 1.992150000307e+05
 2.002940000309e+05
 2.013720000311e+05
 2.024490000312e+05
 2.035250000314e+05
 2.046000000316e+05
 2.056740000318e+05
 2.067470000319e+05
 2.078190000321e+05
 2.088900000323e+05
 2.099600000324e+05
 2.110290000326e+05
 2.120970000328e+05
 2.131640000330e+05
 2.142300000331e+05
 2.152950000333e+05
 2.163590000335e+05
 2.174220000336e+05
 2.184840000338e+05
 2.195450000340e+05
 2.206050000342e+05
 2.216640000343e+05
 2.227220000345e+05
 2.237790000347e+05
 2.248350000348e+05
 2.258900000350e+05
 2.269440000352e+05
 2.279970000353e+05
 2.290490000355e+05
 2.301000000357e+05
 2.311500000358e+05
 2.321990000360e+05
 2.332470000362e+05
 2.342940000364e+05
 2.353400000365e+05
 2.363850000367e+05
 2.374290000369e+05
 2.384720000370e+05
 2.395140000372e+05
 2.405550000374e+05
 2.415950000375e+05
 2.426340000377e+05
 2.436720000379e+05
 2.447090000380e+05
 2.457450000382e+05
 2.467800000384e+05
 2.478140000385e+05
 2.488470000387e+05
 2.498790000389e+05
 2.509100000390e+05
 2.519400000392e+05
 2.529690000394e+05
 2.539970000395e+05
 2.550240000397e+05
 2.560500000399e+05
 2.570750000400e+05
 2.580990000402e+05
 2.591220000404e+05
 2.601440000405e+05
 2.611650000407e+05
 2.621850000409e+05
 2.632040000410e+05
 2.642220000412e+05
 2.652390000414e+05
 2.662550000415e+05
 2.672700000417e+05
 2.682840000419e+05
 2.692970000420e+05
 2.703090000422e+05
 2.713200000423e+05
 2.723300000425e+05
 2.733390000427e+05
 2.743470000428e+05
 2.753540000430e+05
 2.763600000432e+05
 2.773650000433e+05
 2.783690000435e+05
 2.793720000437e+05
 2.803740000438e+05
 2.813750000440e+05
 2.823750000441e+05
 2.833740000443e+05
 2.843720000445e+05
 2.853690000446e+05
 2.863650000448e+05
 2.873600000450e+05
 2.883540000451e+05
 2.893470000453e+05
 2.903390000454e+05
 2.913300000456e+05
 2.923200000458e+05
 2.933090000459e+05
 2.942970000461e+05
 2.952840000463e+05
 2.962700000464e+05
 2.972550000466e+05
 2.982390000467e+05
 2.992220000469e+05
 3.002040000471e+05
 3.011850000472e+05
 3.021650000474e+05
 3.031440000475e+05
 3.041220000477e+05
 3.050990000479e+05
 3.060750000480e+05
 3.070500000482e+05
 3.080240000483e+05
 3.089970000485e+05
 3.099690000487e+05
 3.109400000488e+05
 3.119100000490e+05
 3.128790000491e+05
 3.138470000493e+05
 3.148140000494e+05
 3.157800000496e+05
 3.167450000498e+05
 3.177090000499e+05
 3.186720000501e+05
 3.196340000502e+05
 3.205950000504e+05
 3.215550000505e+05
 3.225140000507e+05
 3.234720000509e+05
 3.244290000510e+05
 3.253850000512e+05
 3.263400000513e+05
 3.272940000515e+05
 3.282470000516e+05
 3.291990000518e+05
 3.301500000520e+05
 3.311000000521e+05
 3.320490000523e+05
 3.329970000524e+05
 3.339440000526e+05
 3.348900000527e+05
 3.358350000529e+05
 3.367790000530e+05
 3.377220000532e+05
 3.386640000533e+05
 3.396050000535e+05
 3.405450000537e+05
 3.414840000538e+05
 3.424220000540e+05
 3.433590000541e+05
 3.442950000543e+05
 3.452300000544e+05
 3.461640000546e+05
 3.470970000547e+05
 3.480290000549e+05
 3.489600000550e+05
 3.498900000552e+05
 3.508190000553e+05
 3.517470000555e+05
 3.526740000556e+05
 3.536000000558e+05
 3.545250000560e+05
 3.554490000561e+05
 3.563720000563e+05
 3.572940000564e+05
 3.582150000566e+05
 3.591350000567e+05
 3.600540000569e+05
 3.609720000570e+05
 3.618890000572e+05
 3.628050000573e+05
 3.637200000575e+05
 3.646340000576e+05
 3.655470000578e+05
 3.664590000579e+05
 3.673700000581e+05
 3.682800000582e+05
 3.691890000584e+05
 3.700970000585e+05
 3.710040000587e+05
 3.719100000588e+05
 3.728150000590e+05
 3.737190000591e+05
 3.746220000593e+05
 3.755240000594e+05
 3.764250000596e+05
 3.773250000597e+05
 3.782240000599e+05
 3.791220000600e+05
 3.800190000602e+05
 3.809150000603e+05
 3.818100000604e+05
 3.827040000606e+05
 3.835970000607e+05
 3.844890000609e+05
 3.853800000610e+05
 3.862700000612e+05
 3.871590000613e+05
 3.880470000615e+05
 3.889340000616e+05
 3.898200000618e+05
 3.907050000619e+05
 3.915890000621e+05
 3.924720000622e+05
 3.933540000623e+05
 3.942350000625e+05
 3.951150000626e+05
 3.959940000628e+05
 3.968720000629e+05
 3.977490000631e+05
 3.986250000632e+05
 3.995000000634e+05
 4.003740000635e+05
 4.012470000636e+05
 4.021190000638e+05
 4.029900000639e+05
 4.038600000641e+05
 4.047290000642e+05
 4.055970000644e+05
 4.064640000645e+05
 4.073300000646e+05
 4.081950000648e+05
 4.090590000649e+05
 4.099220000651e+05
 4.107840000652e+05
 4.116450000653e+05
 4.125050000655e+05
 4.133640000656e+05
 4.142220000658e+05
 4.150790000659e+05
 4.159350000661e+05
 4.167900000662e+05
 4.176440000663e+05
 4.184970000665e+05
 4.193490000666e+05
 4.202000000668e+05
 4.210500000669e+05
 4.218990000670e+05
 4.227470000672e+05
 4.235940000673e+05
 4.244400000675e+05
 4.252850000676e+05
 4.261290000677e+05
 4.269720000679e+05
 4.278140000680e+05
 4.286550000681e+05
 4.294950000683e+05
 4.303340000684e+05
 4.311720000686e+05
 4.320090000687e+05
 4.328450000688e+05
 4.336800000690e+05
 4.345140000691e+05
 4.353470000692e+05
 4.361790000694e+05
 4.370100000695e+05
 4.378400000697e+05
 4.386690000698e+05
 4.394970000699e+05
 4.403240000701e+05
 4.411500000702e+05
 4.419750000703e+05
 4.427990000705e+05
 4.436220000706e+05
 4.444440000707e+05
 4.452650000709e+05
 4.460850000710e+05
 4.469040000711e+05
 4.477220000713e+05
 4.485390000714e+05
 4.493550000715e+05
 4.501700000717e+05
 4.509840000718e+05
 4.517970000719e+05
 4.526090000721e+05
 4.534200000722e+05
 4.542300000723e+05
 4.550390000725e+05
 4.558470000726e+05
 4.566540000727e+05
 4.574600000728e+05
 4.582650000730e+05
 4.590690000731e+05
 4.598720000732e+05
 4.606740000734e+05
 4.614750000735e+05
 4.622750000736e+05
 4.630740000737e+05
 4.638720000739e+05
 4.646690000740e+05
 4.654650000741e+05
 4.662600000743e+05
 4.670540000744e+05
 4.678470000745e+05
 4.686390000746e+05
 4.694300000748e+05
 4.702200000749e+05
 4.710090000750e+05
 4.717970000751e+05
 4.725840000753e+05
 4.733700000754e+05
 4.741550000755e+05
 4.749390000756e+05
 4.757220000758e+05
 4.765040000759e+05
 4.772850000760e+05
 4.780650000761e+05
 4.788440000763e+05
 4.796220000764e+05
 4.803990000765e+05
 4.811750000766e+05
 4.819500000767e+05
 4.827240000769e+05
 4.834970000770e+05
 4.842690000771e+05
 4.850400000772e+05
 4.858100000773e+05
 4.865790000775e+05
 4.873470000776e+05
 4.881140000777e+05
 4.888800000778e+05
 4.896450000779e+05
 4.904090000781e+05
 4.911720000782e+05
 4.919340000783e+05
 4.926950000784e+05
 4.934550000785e+05
 4.942140000786e+05
 4.949720000788e+05
 4.957290000789e+05
 4.964850000790e+05
 4.972400000791e+05
 4.979940000792e+05
 4.987470000793e+05
 4.994990000795e+05
 5.002500000796e+05
 5.010000000797e+05
 5.017490000798e+05
 5.024970000799e+05
 5.032440000800e+05
 5.039900000801e+05
 5.047350000803e+05
 5.054790000804e+05
 5.062220000805e+05
 5.069640000806e+05
 5.077050000807e+05
 5.084450000808e+05
 5.091840000809e+05
 5.099220000810e+05
 5.106590000811e+05
 5.113950000813e+05
 5.121300000814e+05
 5.128640000815e+05
 5.135970000816e+05
 5.143290000817e+05
 5.150600000818e+05
 5.157900000819e+05
 5.165190000820e+05
 5.172470000821e+05
 5.179740000822e+05
 5.187000000823e+05
 5.194250000824e+05
 5.201490000826e+05
 5.208720000827e+05
 5.215940000828e+05
 5.223150000829e+05
 5.230350000830e+05
 5.237540000831e+05
 5.244720000832e+05
 5.251890000833e+05
 5.259050000834e+05
 5.266200000835e+05
 5.273340000836e+05
 5.280470000837e+05
 5.287590000838e+05
 5.294700000839e+05
 5.301800000840e+05
 5.308890000841e+05
 5.315970000842e+05
 5.323040000843e+05
 5.330100000844e+05
 5.337150000845e+05
 5.344190000846e+05
 5.351220000847e+05
 5.358240000848e+05
 5.365250000849e+05
 5.372250000850e+05
 5.379240000852e+05
 5.386220000853e+05
 5.393190000854e+05
 5.400150000855e+05
 5.407100000856e+05
 5.414040000857e+05
 5.420970000858e+05
 5.427890000858e+05
 5.434800000859e+05
 5.441700000860e+05
 5.448590000861e+05
 5.455470000862e+05
 5.462340000863e+05
 5.469200000864e+05
 5.476050000865e+05
 5.482890000866e+05
 5.489720000867e+05
 5.496540000868e+05
 5.503350000869e+05
 5.510150000870e+05
 5.516940000871e+05
 5.523720000872e+05
 5.530490000873e+05
 5.537250000874e+05
 5.544000000875e+05
 5.550740000876e+05
 5.557470000877e+05
 5.564190000878e+05
 5.570900000879e+05
 5.577600000880e+05
 5.584290000881e+05
 5.590970000881e+05
 5.597640000882e+05
 5.604300000883e+05
 5.610950000884e+05
 5.617590000885e+05
 5.624220000886e+05
 5.630840000887e+05
 5.637450000888e+05
 5.644050000889e+05
 5.650640000890e+05
 5.657220000891e+05
 5.663790000892e+05
 5.670350000892e+05
 5.676900000893e+05
 5.683440000894e+05
 5.689970000895e+05
 5.696490000896e+05
 5.703000000897e+05
 5.709500000898e+05
 5.715990000899e+05
 5.722470000899e+05
 5.728940000900e+05
 5.735400000901e+05
 5.741850000902e+05
 5.748290000903e+05
 5.754720000904e+05
 5.761140000905e+05
 5.767550000905e+05
 5.773950000906e+05
 5.780340000907e+05
 5.786720000908e+05
 5.793090000909e+05
 5.799450000910e+05
 5.805800000910e+05
 5.812140000911e+05
 5.818470000912e+05
 5.824790000913e+05
 5.831100000914e+05
 5.837400000915e+05
 5.843690000915e+05
 5.849970000916e+05
 5.856240000917e+05
 5.862500000918e+05
 5.868750000919e+05
 5.874990000919e+05
 5.881220000920e+05
 5.887440000921e+05
 5.893650000922e+05
 5.899850000923e+05
 5.906040000923e+05
 5.912220000924e+05
 5.918390000925e+05
 5.924550000926e+05
 5.930700000926e+05
 5.936840000927e+05
 5.942970000928e+05
 5.949090000929e+05
 5.955200000929e+05
 5.961300000930e+05
 5.967390000931e+05
 5.973470000932e+05
 5.979540000932e+05
 5.985600000933e+05
 5.991650000934e+05
 5.997690000935e+05
 6.003720000935e+05
 6.009740000936e+05
 6.015750000937e+05
 6.021750000938e+05
 6.027740000938e+05
 6.033720000939e+05
 6.039690000940e+05
 6.045650000941e+05
 6.051600000941e+05
 6.057540000942e+05
 6.063470000943e+05
 6.069390000943e+05
 6.075300000944e+05
 6.081200000945e+05
 6.087090000946e+05
 6.092970000946e+05
 6.098840000947e+05
 6.104700000948e+05
 6.110550000948e+05
 6.116390000949e+05
 6.122220000950e+05
 6.128040000950e+05
 6.133850000951e+05
 6.139650000952e+05
 6.145440000953e+05
 6.151220000953e+05
 6.156990000954e+05
 6.162750000955e+05
 6.168500000955e+05
 6.174240000956e+05
 6.179970000957e+05
 6.185690000957e+05
 6.191400000958e+05
 6.197100000958e+05
 6.202790000959e+05
 6.208470000960e+05
 6.214140000960e+05
 6.219800000961e+05
 6.225450000962e+05
 6.231090000962e+05
 6.236720000963e+05
 6.242340000964e+05
 6.247950000964e+05
 6.253550000965e+05
 6.259140000965e+05
 6.264720000966e+05
 6.270290000967e+05
 6.275850000967e+05
 6.281400000968e+05
 6.286940000968e+05
 6.292470000969e+05
 6.297990000970e+05
 6.303500000970e+05
 6.309000000971e+05
 6.314490000971e+05
 6.319970000972e+05
 6.325440000972e+05
 6.330900000973e+05
 6.336350000974e+05
 6.341790000974e+05
 6.347220000975e+05
 6.352640000975e+05
 6.358050000976e+05
 6.363450000976e+05
 6.368840000977e+05
 6.374220000978e+05
 6.379590000978e+05
 6.384950000979e+05
 6.390300000979e+05
 6.395640000980e+05
 6.400970000980e+05
 6.406290000981e+05
 6.411600000981e+05
 6.416900000982e+05
 6.422190000982e+05
 6.427470000983e+05
 6.432740000983e+05
 6.438000000984e+05
 6.443250000984e+05
 6.448490000985e+05
 6.453720000986e+05
 6.458940000986e+05
 6.464150000987e+05
 6.469350000987e+05
 6.474540000988e+05
 6.479720000988e+05
 6.484890000989e+05
 6.490050000989e+05
 6.495200000990e+05
 6.500340000990e+05
 6.505470000991e+05
 6.510590000991e+05
 6.515700000992e+05
 6.520800000992e+05
 6.525890000993e+05
 6.530970000993e+05
 6.536040000994e+05
 6.541100000994e+05
 6.546150000994e+05
 6.551190000995e+05
 6.556220000995e+05
 6.561240000996e+05
 6.566250000996e+05
 6.571250000997e+05
 6.576240000997e+05
 6.581220000998e+05
 6.586190000998e+05
 6.591150000999e+05
 6.596100000999e+05
 6.601040001000e+05
 6.605970001000e+05
 6.610890001000e+05
 6.615800001001e+05
 6.620700001001e+05
 6.625590001002e+05
 6.630470001002e+05
 6.635340001003e+05
 6.640200001003e+05
 6.645050001004e+05
 6.649890001004e+05
 6.654720001004e+05
 6.659540001005e+05
 6.664350001005e+05
 6.669150001006e+05
 6.673940001006e+05
 6.678720001006e+05
 6.683490001007e+05
 6.688250001007e+05
 6.693000001008e+05
 6.697740001008e+05
 6.702470001008e+05
 6.707190001009e+05
 6.711900001009e+05
 6.716600001010e+05
 6.721290001010e+05
 6.725970001010e+05
 6.730640001011e+05
 6.735300001011e+05
 6.739950001011e+05
 6.744590001012e+05
 6.749220001012e+05
 6.753840001013e+05
 6.758450001013e+05
 6.763050001013e+05
 6.767640001014e+05
 6.772220001014e+05
 6.776790001014e+05
 6.781350001015e+05
 6.785900001015e+05
 6.790440001015e+05
 6.794970001016e+05
 6.799490001016e+05
 6.804000001016e+05
 6.808500001017e+05
 6.812990001017e+05
 6.817470001017e+05
 6.821940001018e+05
 6.826400001018e+05
 6.830850001018e+05
 6.835290001019e+05
 6.839720001019e+05
 6.844140001019e+05
 6.848550001020e+05
 6.852950001020e+05
 6.857340001020e+05
 6.861720001021e+05
 6.866090001021e+05
 6.870450001021e+05
 6.874800001022e+05
 6.879140001022e+05
 6.883470001022e+05
 6.887790001023e+05
 6.892100001023e+05
 6.896400001023e+05
 6.900690001023e+05
 6.904970001024e+05
 6.909240001024e+05
 6.913500001024e+05
 6.917750001025e+05
 6.921990001025e+05
 6.926220001025e+05
 6.930440001025e+05
 6.934650001026e+05
 6.938850001026e+05
 6.943040001026e+05
 6.947220001027e+05
 6.951390001027e+05
 6.955550001027e+05
 6.959700001027e+05
 6.963840001028e+05
 6.967970001028e+05
 6.972090001028e+05
 6.976200001028e+05
 6.980300001029e+05
 6.984390001029e+05
 6.988470001029e+05
 6.992540001029e+05
 6.996600001030e+05
 7.000650001030e+05
 7.004690001030e+05
 7.008720001030e+05
 7.012740001031e+05
 7.016750001031e+05
 7.020750001031e+05
 7.024740001031e+05
 7.028720001032e+05
 7.032690001032e+05
 7.036650001032e+05
 7.040600001032e+05
 7.044540001033e+05
 7.048470001033e+05
 7.052390001033e+05
 7.056300001033e+05
 7.060200001033e+05
 7.064090001034e+05
 7.067970001034e+05
 7.071840001034e+05
 7.075700001034e+05
 7.079550001034e+05
 7.083390001035e+05
 7.087220001035e+05
 7.091040001035e+05
 7.094850001035e+05
 7.098650001035e+05
 7.102440001036e+05
 7.106220001036e+05
 7.109990001036e+05
 7.113750001036e+05
 7.117500001036e+05
 7.121240001037e+05
 7.124970001037e+05
 7.128690001037e+05
 7.132400001037e+05
 7.136100001037e+05
 7.139790001038e+05
 7.143470001038e+05
 7.147140001038e+05
 7.150800001038e+05
 7.154450001038e+05
 7.158090001038e+05
 7.161720001039e+05
 7.165340001039e+05
 7.168950001039e+05
 7.172550001039e+05
 7.176140001039e+05
 7.179720001039e+05
 7.183290001040e+05
 7.186850001040e+05
 7.190400001040e+05
 7.193940001040e+05
 7.197470001040e+05
 7.200990001040e+05
 7.204500001040e+05
 7.208000001041e+05
 7.211490001041e+05
 7.214970001041e+05
 7.218440001041e+05
 7.221900001041e+05
 7.225350001041e+05
 7.228790001042e+05
 7.232220001042e+05
 7.235640001042e+05
 7.239050001042e+05
 7.242450001042e+05
 7.245840001042e+05
 7.249220001043e+05
 7.252590001043e+05
 7.255950001043e+05
 7.259300001043e+05
 7.262640001043e+05
 7.265970001043e+05
 7.269290001043e+05
 7.272600001044e+05
 7.275900001044e+05
 7.279190001044e+05
 7.282470001044e+05
 7.285740001044e+05
 7.289000001044e+05
 7.292250001044e+05
 7.295490001044e+05
 7.298720001045e+05
 7.301940001045e+05
 7.305150001045e+05
 7.308350001045e+05
 7.311540001045e+05
 7.314720001045e+05
 7.317890001045e+05
 7.321050001045e+05
 7.324200001045e+05
 7.327340001046e+05
 7.330470001046e+05
 7.333590001046e+05
 7.336700001046e+05
 7.339800001046e+05
 7.342890001046e+05
 7.345970001046e+05
 7.349040001046e+05
 7.352100001046e+05
 7.355150001046e+05
 7.358190001046e+05
 7.361220001046e+05
 7.364240001047e+05
 7.367250001047e+05
 7.370250001047e+05
 7.373240001047e+05
 7.376220001047e+05
 7.379190001047e+05
 7.382150001047e+05
 7.385100001047e+05
 7.388040001047e+05
 7.390970001047e+05
 7.393890001047e+05
 7.396800001047e+05
 7.399700001047e+05
 7.402590001048e+05
 7.405470001048e+05
 7.408340001048e+05
 7.411200001048e+05
 7.414050001048e+05
 7.416890001048e+05
 7.419720001048e+05
 7.422540001048e+05
 7.425350001048e+05
 7.428150001048e+05
 7.430940001048e+05
 7.433720001048e+05
 7.436490001048e+05
 7.439250001048e+05
 7.442000001048e+05
 7.444740001048e+05
 7.447470001048e+05
 7.450190001048e+05
 7.452900001048e+05
 7.455600001049e+05
 7.458290001049e+05
 7.460970001049e+05
 7.463640001049e+05
 7.466300001049e+05
 7.468950001049e+05
 7.471590001049e+05
 7.474220001049e+05
 7.476840001049e+05
 7.479450001049e+05
 7.482050001049e+05
 7.484640001049e+05
 7.487220001049e+05
 7.489790001049e+05
 7.492350001049e+05
 7.494900001049e+05
 7.497440001049e+05
 7.499970001049e+05
 7.502490001049e+05
 7.505000001049e+05
 7.507500001049e+05
 7.509990001049e+05
 7.512470001049e+05
 7.514940001049e+05
 7.517400001049e+05
 7.519850001049e+05
 7.522290001049e+05
 7.524720001049e+05
 7.527140001049e+05
 7.529550001049e+05
 7.531950001049e+05
 7.534340001049e+05
 7.536720001049e+05
 7.539090001049e+05
 7.541450001049e+05
 7.543800001049e+05
 7.546140001049e+05
 7.548470001049e+05
 7.550790001049e+05
 7.553100001049e+05
 7.555400001049e+05
 7.557690001049e+05
 7.559970001049e+05
 7.562240001049e+05
 7.564500001049e+05
 7.566750001049e+05
 7.568990001049e+05
 7.571220001049e+05
 7.573440001049e+05
 7.575650001049e+05
 7.577850001049e+05
 7.580040001049e+05
 7.582220001049e+05
 7.584390001048e+05
 7.586550001048e+05
 7.588700001048e+05
 7.590840001048e+05
 7.592970001048e+05
 7.595090001048e+05
 7.597200001048e+05
 7.599300001048e+05
 7.601390001048e+05
 7.603470001048e+05
 7.605540001048e+05
 7.607600001048e+05
 7.609650001048e+05
 7.611690001048e+05
 7.613720001048e+05
 7.615740001048e+05
 7.617750001048e+05
 7.619750001048e+05
 7.621740001048e+05
 7.623720001048e+05
 7.625690001047e+05
 7.627650001047e+05
 7.629600001047e+05
 7.631540001047e+05
 7.633470001047e+05
 7.635390001047e+05
 7.637300001047e+05
 7.639200001047e+05
 7.641090001047e+05
 7.642970001047e+05
 7.644840001047e+05
 7.646700001047e+05
 7.648550001047e+05
 7.650390001046e+05
 7.652220001046e+05
 7.654040001046e+05
 7.655850001046e+05
 7.657650001046e+05
 7.659440001046e+05
 7.661220001046e+05
 7.662990001046e+05
 7.664750001046e+05
 7.666500001046e+05
 7.668240001046e+05
 7.669970001045e+05
 7.671690001045e+05
 7.673400001045e+05
 7.675100001045e+05
 7.676790001045e+05
 7.678470001045e+05
 7.680140001045e+05
 7.681800001045e+05
 7.683450001045e+05
 7.685090001045e+05
 7.686720001044e+05
 7.688340001044e+05
 7.689950001044e+05
 7.691550001044e+05
 7.693140001044e+05
 7.694720001044e+05
 7.696290001044e+05
 7.697850001044e+05
 7.699400001044e+05
 7.700940001043e+05
 7.702470001043e+05
 7.703990001043e+05
 7.705500001043e+05
 7.707000001043e+05
 7.708490001043e+05
 7.709970001043e+05
 7.711440001043e+05
 7.712900001042e+05
 7.714350001042e+05
 7.715790001042e+05
 7.717220001042e+05
 7.718640001042e+05
 7.720050001042e+05
 7.721450001042e+05
 7.722840001042e+05
 7.724220001041e+05
 7.725590001041e+05
 7.726950001041e+05
 7.728300001041e+05
 7.729640001041e+05
 7.730970001041e+05
 7.732290001041e+05
 7.733600001041e+05
 7.734900001040e+05
 7.736190001040e+05
 7.737470001040e+05
 7.738740001040e+05
 7.740000001040e+05
 7.741250001040e+05
 7.742490001040e+05
 7.743720001039e+05
 7.744940001039e+05
 7.746150001039e+05
 7.747350001039e+05
 7.748540001039e+05
 7.749720001039e+05
 7.750890001038e+05
 7.752050001038e+05
 7.753200001038e+05
 7.754340001038e+05
 7.755470001038e+05
 7.756590001038e+05
 7.757700001037e+05
 7.758800001037e+05
 7.759890001037e+05
 7.760970001037e+05
 7.762040001037e+05
 7.763100001037e+05
 7.764150001036e+05
 7.765190001036e+05
 7.766220001036e+05
 7.767240001036e+05
 7.768250001036e+05
 7.769250001036e+05
 7.770240001035e+05
 7.771220001035e+05
 7.772190001035e+05
 7.773150001035e+05
 7.774100001035e+05
 7.775040001034e+05
 7.775970001034e+05
 7.776890001034e+05
 7.777800001034e+05
 7.778700001034e+05
 7.779590001033e+05
 7.780470001033e+05
 7.781340001033e+05
 7.782200001033e+05
 7.783050001032e+05
 7.783890001032e+05
 7.784720001032e+05
 7.785540001032e+05
 7.786350001032e+05
 7.787150001031e+05
 7.787940001031e+05
 7.788720001031e+05
 7.789490001031e+05
 7.790250001030e+05
 7.791000001030e+05
 7.791740001030e+05
 7.792470001030e+05
 7.793190001030e+05
 7.793900001029e+05
 7.794600001029e+05
 7.795290001029e+05
 7.795970001029e+05
 7.796640001028e+05
 7.797300001028e+05
 7.797950001028e+05
 7.798590001028e+05
 7.799220001027e+05
 7.799840001027e+05
 7.800450001027e+05
 7.801050001026e+05
 7.801640001026e+05
 7.802220001026e+05
 7.802790001026e+05
 7.803350001025e+05
 7.803900001025e+05
 7.804440001025e+05
 7.804970001024e+05
 7.805490001024e+05
 7.806000001024e+05
 7.806500001024e+05
 7.806990001023e+05
 7.807470001023e+05
 7.807940001023e+05
 7.808400001022e+05
 7.808850001022e+05
 7.809290001022e+05
 7.809720001022e+05
 7.810140001021e+05
 7.810550001021e+05
 7.810950001021e+05
 7.811340001020e+05
 7.811720001020e+05
 7.812090001020e+05
 7.812450001020e+05
 7.812800001019e+05
 7.813140001019e+05
 7.813470001019e+05
 7.813790001018e+05
 7.814100001018e+05
 7.814400001018e+05
 7.814690001017e+05
 7.814970001017e+05
 7.815240001017e+05
 7.815500001017e+05
 7.815750001016e+05
 7.815990001016e+05
 7.816220001016e+05
 7.816440001015e+05
 7.816650001015e+05
 7.816850001015e+05
 7.817040001014e+05
 7.817220001014e+05
 7.817390001014e+05
 7.817550001013e+05
 7.817700001013e+05
 7.817840001013e+05
 7.817970001012e+05
 7.818090001012e+05
 7.818200001012e+05
 7.818300001012e+05
 7.818390001011e+05
 7.818470001011e+05
 7.818540001011e+05
 7.818600001010e+05
 7.818650001010e+05
 7.818690001010e+05
 7.818720001009e+05
 7.818740001009e+05
 7.818750001009e+05
 7.818750001008e+05
 7.818740001008e+05
 7.818720001008e+05
 7.818690001007e+05
 7.818650001007e+05
 7.818600001007e+05
 7.818540001006e+05
 7.818470001006e+05
 7.818390001006e+05
 7.818300001005e+05
 7.818200001005e+05
 7.818090001005e+05
 7.817970001004e+05
 7.817840001004e+05
 7.817700001004e+05
 7.817550001004e+05
 7.817390001003e+05
 7.817220001003e+05
 7.817040001003e+05
 7.816850001002e+05
 7.816650001002e+05
 7.816440001002e+05
 7.816220001001e+05
 7.815990001001e+05
 7.815750001001e+05
 7.815500001000e+05
 7.815240001000e+05
 7.814970001000e+05
 7.814690000999e+05
 7.814400000999e+05
 7.814100000999e+05
 7.813790000998e+05
 7.813470000998e+05
 7.813140000998e+05
 7.812800000997e+05
 7.812450000997e+05
 7.812090000997e+05
 7.811720000996e+05
 7.811340000996e+05
 7.810950000995e+05
 7.810550000995e+05
 7.810140000995e+05
 7.809720000994e+05
 7.809290000994e+05
 7.808850000994e+05
 7.808400000993e+05
 7.807940000993e+05
 7.807470000993e+05
 7.806990000992e+05
 7.806500000992e+05
 7.806000000991e+05
 7.805490000991e+05
 7.804970000991e+05
 7.804440000990e+05
 7.803900000990e+05
 7.803350000990e+05
 7.802790000989e+05
 7.802220000989e+05
 7.801640000988e+05
 7.801050000988e+05
 7.800450000988e+05
 7.799840000987e+05
 7.799220000987e+05
 7.798590000986e+05
 7.797950000986e+05
 7.797300000986e+05
 7.796640000985e+05
 7.795970000985e+05
 7.795290000984e+05
 7.794600000984e+05
 7.793900000984e+05
 7.793190000983e+05
 7.792470000983e+05
 7.791740000982e+05
 7.791000000982e+05
 7.790250000982e+05
 7.789490000981e+05
 7.788720000981e+05
 7.787940000980e+05
 7.787150000980e+05
 7.786350000979e+05
 7.785540000979e+05
 7.784720000979e+05
 7.783890000978e+05
 7.783050000978e+05
 7.782200000977e+05
 7.781340000977e+05
 7.780470000977e+05
 7.779590000976e+05
 7.778700000976e+05
 7.777800000975e+05
 7.776890000975e+05
 7.775970000974e+05
 7.775040000974e+05
 7.774100000973e+05
 7.773150000973e+05
 7.772190000972e+05
 7.771220000972e+05
 7.770240000972e+05
 7.769250000971e+05
 7.768250000971e+05
 7.767240000970e+05
 7.766220000970e+05
 7.765190000969e+05
 7.764150000969e+05
 7.763100000968e+05
 7.762040000968e+05
 7.760970000967e+05
 7.759890000967e+05
 7.758800000966e+05
 7.757700000966e+05
 7.756590000965e+05
 7.755470000965e+05
 7.754340000964e+05
 7.753200000964e+05
 7.752050000963e+05
 7.750890000963e+05
 7.749720000962e+05
 7.748540000962e+05
 7.747350000961e+05
 7.746150000961e+05
 7.744940000960e+05
 7.743720000960e+05
 7.742490000959e+05
 7.741250000959e+05
 7.740000000958e+05
 7.738740000958e+05
 7.737470000957e+05
 7.736190000957e+05
 7.734900000956e+05
 7.733600000956e+05
 7.732290000955e+05
 7.730970000955e+05
 7.729640000954e+05
 7.728300000954e+05
 7.726950000953e+05
 7.725590000953e+05
 7.724220000952e+05
 7.722840000952e+05
 7.721450000951e+05
 7.720050000951e+05
 7.718640000950e+05
 7.717220000950e+05
 7.715790000949e+05
 7.714350000948e+05
 7.712900000948e+05
 7.711440000947e+05
 7.709970000947e+05
 7.708490000946e+05
 7.707000000946e+05
 7.705500000945e+05
 7.703990000945e+05
 7.702470000944e+05
 7.700940000944e+05
 7.699400000943e+05
 7.697850000943e+05
 7.696290000942e+05
 7.694720000942e+05
 7.693140000941e+05
 7.691550000940e+05
 7.689950000940e+05
 7.688340000939e+05
 7.686720000939e+05
 7.685090000938e+05
 7.683450000938e+05
 7.681800000937e+05
 7.680140000937e+05
 7.678470000936e+05
 7.676790000936e+05
 7.675100000935e+05
 7.673400000935e+05
 7.671690000934e+05
 7.669970000933e+05
 7.668240000933e+05
 7.666500000932e+05
 7.664750000932e+05
 7.662990000931e+05
 7.661220000931e+05
 7.659440000930e+05
 7.657650000930e+05
 7.655850000929e+05
 7.654040000928e+05
 7.652220000928e+05
 7.650390000927e+05
 7.648550000927e+05
 7.646700000926e+05
 7.644840000926e+05
 7.642970000925e+05
 7.641090000924e+05
 7.639200000924e+05
 7.637300000923e+05
 7.635390000923e+05
 7.633470000922e+05
 7.631540000922e+05
 7.629600000921e+05
 7.627650000920e+05
 7.625690000920e+05
 7.623720000919e+05
 7.621740000919e+05
 7.619750000918e+05
 7.617750000918e+05
 7.615740000917e+05
 7.613720000916e+05
 7.611690000916e+05
 7.609650000915e+05
 7.607600000915e+05
 7.605540000914e+05
 7.603470000913e+05
 7.601390000913e+05
 7.599300000912e+05
 7.597200000912e+05
 7.595090000911e+05
 7.592970000910e+05
 7.590840000910e+05
 7.588700000909e+05
 7.586550000909e+05
 7.584390000908e+05
 7.582220000907e+05
 7.580040000907e+05
 7.577850000906e+05
 7.575650000905e+05
 7.573440000905e+05
 7.571220000904e+05
 7.568990000904e+05
 7.566750000903e+05
 7.564500000902e+05
 7.562240000902e+05
 7.559970000901e+05
 7.557690000900e+05
 7.555400000900e+05
 7.553100000899e+05
 7.550790000899e+05
 7.548470000898e+05
 7.546140000897e+05
 7.543800000897e+05
 7.541450000896e+05
 7.539090000895e+05
 7.536720000895e+05
 7.534340000894e+05
 7.531950000894e+05
 7.529550000893e+05
 7.527140000892e+05
 7.524720000892e+05
 7.522290000891e+05
 7.519850000890e+05
 7.517400000890e+05
 7.514940000889e+05
 7.512470000888e+05
 7.509990000888e+05
 7.507500000887e+05
 7.505000000886e+05
 7.502490000886e+05
 7.499970000885e+05
 7.497440000884e+05
 7.494900000884e+05
 7.492350000883e+05
 7.489790000882e+05
 7.487220000882e+05
 7.484640000881e+05
 7.482050000880e+05
 7.479450000880e+05
 7.476840000879e+05
 7.474220000878e+05
 7.471590000878e+05
 7.468950000877e+05
 7.466300000876e+05
 7.463640000876e+05
 7.460970000875e+05
 7.458290000874e+05
 7.455600000874e+05
 7.452900000873e+05
 7.450190000872e+05
 7.447470000872e+05
 7.444740000871e+05
 7.442000000870e+05
 7.439250000870e+05
 7.436490000869e+05
 7.433720000868e+05
 7.430940000868e+05
 7.428150000867e+05
 7.425350000866e+05
 7.422540000866e+05
 7.419720000865e+05
 7.416890000864e+05
 7.414050000864e+05
 7.411200000863e+05
 7.408340000862e+05
 7.405470000862e+05
 7.402590000861e+05
 7.399700000860e+05
 7.396800000860e+05
 7.393890000859e+05
 7.390970000858e+05
 7.388040000857e+05
 7.385100000857e+05
 7.382150000856e+05
 7.379190000855e+05
 7.376220000855e+05
 7.373240000854e+05
 7.370250000853e+05
 7.367250000853e+05
 7.364240000852e+05
 7.361220000851e+05
 7.358190000850e+05
 7.355150000850e+05
 7.352100000849e+05
 7.349040000848e+05
 7.345970000848e+05
 7.342890000847e+05
 7.339800000846e+05
 7.336700000845e+05
 7.333590000845e+05
 7.330470000844e+05
 7.327340000843e+05
 7.324200000843e+05
 7.321050000842e+05
 7.317890000841e+05
 7.314720000840e+05
 7.311540000840e+05
 7.308350000839e+05
 7.305150000838e+05
 7.301940000838e+05
 7.298720000837e+05
 7.295490000836e+05
 7.292250000835e+05
 7.289000000835e+05
 7.285740000834e+05
 7.282470000833e+05
 7.279190000832e+05
 7.275900000832e+05
 7.272600000831e+05
 7.269290000830e+05
 7.265970000829e+05
 7.262640000829e+05
 7.259300000828e+05
 7.255950000827e+05
 7.252590000827e+05
 7.249220000826e+05
 7.245840000825e+05
 7.242450000824e+05
 7.239050000824e+05
 7.235640000823e+05
 7.232220000822e+05
 7.228790000821e+05
 7.225350000821e+05
 7.221900000820e+05
 7.218440000819e+05
 7.214970000818e+05
 7.211490000818e+05
 7.208000000817e+05
 7.204500000816e+05
 7.200990000815e+05
 7.197470000815e+05
 7.193940000814e+05
 7.190400000813e+05
 7.186850000812e+05
 7.183290000812e+05
 7.179720000811e+05
 7.176140000810e+05
 7.172550000809e+05
 7.168950000809e+05
 7.165340000808e+05
 7.161720000807e+05
 7.158090000806e+05
 7.154450000806e+05
 7.150800000805e+05
 7.147140000804e+05
 7.143470000803e+05
 7.139790000803e+05
 7.136100000802e+05
 7.132400000801e+05
 7.128690000800e+05
 7.124970000799e+05
 7.121240000799e+05
 7.117500000798e+05
 7.113750000797e+05
 7.109990000796e+05
 7.106220000796e+05
 7.102440000795e+05
 7.098650000794e+05
 7.094850000793e+05
 7.091040000793e+05
 7.087220000792e+05
 7.083390000791e+05
 7.079550000790e+05
 7.075700000790e+05
 7.071840000789e+05
 7.067970000788e+05
 7.064090000787e+05
 7.060200000786e+05
 7.056300000786e+05
 7.052390000785e+05
 7.048470000784e+05
 7.044540000783e+05
 7.040600000783e+05
 7.036650000782e+05
 7.032690000781e+05
 7.028720000780e+05
 7.024740000780e+05
 7.020750000779e+05
 7.016750000778e+05
 7.012740000777e+05
 7.008720000776e+05
 7.004690000776e+05
 7.000650000775e+05
 6.996600000774e+05
 6.992540000773e+05
 6.988470000773e+05
 6.984390000772e+05
 6.980300000771e+05
 6.976200000770e+05
 6.972090000770e+05
 6.967970000769e+05
 6.963840000768e+05
 6.959700000767e+05
 6.955550000766e+05
 6.951390000766e+05
 6.947220000765e+05
 6.943040000764e+05
 6.938850000763e+05
 6.934650000762e+05
 6.930440000762e+05
 6.926220000761e+05
 6.921990000760e+05
 6.917750000759e+05
 6.913500000758e+05
 6.909240000758e+05
 6.904970000757e+05
 6.900690000756e+05
 6.896400000755e+05
 6.892100000754e+05
 6.887790000754e+05
 6.883470000753e+05
 6.879140000752e+05
 6.874800000751e+05
 6.870450000750e+05
 6.866090000750e+05
 6.861720000749e+05
 6.857340000748e+05
 6.852950000747e+05
 6.848550000746e+05
 6.844140000746e+05
 6.839720000745e+05
 6.835290000744e+05
 6.830850000743e+05
 6.826400000742e+05
 6.821940000742e+05
 6.817470000741e+05
 6.812990000740e+05
 6.808500000739e+05
 6.804000000738e+05
 6.799490000738e+05
 6.794970000737e+05
 6.790440000736e+05
 6.785900000735e+05
 6.781350000734e+05
 6.776790000734e+05
 6.772220000733e+05
 6.767640000732e+05
 6.763050000731e+05
 6.758450000730e+05
 6.753840000729e+05
 6.749220000729e+05
 6.744590000728e+05
 6.739950000727e+05
 6.735300000726e+05
 6.730640000725e+05
 6.725970000725e+05
 6.721290000724e+05
 6.716600000723e+05
 6.711900000722e+05
 6.707190000721e+05
 6.702470000720e+05
 6.697740000720e+05
 6.693000000719e+05
 6.688250000718e+05
 6.683490000717e+05
 6.678720000716e+05
 6.673940000716e+05
 6.669150000715e+05
 6.664350000714e+05
 6.659540000713e+05
 6.654720000712e+05
 6.649890000711e+05
 6.645050000711e+05
 6.640200000710e+05
 6.635340000709e+05
 6.630470000708e+05
 6.625590000707e+05
 6.620700000706e+05
 6.615800000706e+05
 6.610890000705e+05
 6.605970000704e+05
 6.601040000703e+05
 6.596100000702e+05
 6.591150000701e+05
 6.586190000701e+05
 6.581220000700e+05
 6.576240000699e+05
 6.571250000698e+05
 6.566250000697e+05
 6.561240000696e+05
 6.556220000696e+05
 6.551190000695e+05
 6.546150000694e+05
 6.541100000693e+05
 6.536040000692e+05
 6.530970000691e+05
 6.525890000691e+05
 6.520800000690e+05
 6.515700000689e+05
 6.510590000688e+05
 6.505470000687e+05
 6.500340000686e+05
 6.495200000686e+05
 6.490050000685e+05
 6.484890000684e+05
 6.479720000683e+05
 6.474540000682e+05
 6.469350000681e+05
 6.464150000681e+05
 6.458940000680e+05
 6.453720000679e+05
 6.448490000678e+05
 6.443250000677e+05
 6.438000000676e+05
 6.432740000676e+05
 6.427470000675e+05
 6.422190000674e+05
 6.416900000673e+05
 6.411600000672e+05
 6.406290000671e+05
 6.400970000670e+05
 6.395640000670e+05
 6.390300000669e+05
 6.384950000668e+05
 6.379590000667e+05
 6.374220000666e+05
 6.368840000665e+05
 6.363450000665e+05
 6.358050000664e+05
 6.352640000663e+05
 6.347220000662e+05
 6.341790000661e+05
 6.336350000660e+05
 6.330900000659e+05
 6.325440000659e+05
 6.319970000658e+05
 6.314490000657e+05
 6.309000000656e+05
 6.303500000655e+05
 6.297990000654e+05
 6.292470000654e+05
 6.286940000653e+05
 6.281400000652e+05
 6.275850000651e+05
 6.270290000650e+05
 6.264720000649e+05
 6.259140000648e+05
 6.253550000648e+05
 6.247950000647e+05
 6.242340000646e+05
 6.236720000645e+05
 6.231090000644e+05
 6.225450000643e+05
 6.219800000642e+05
 6.214140000642e+05
 6.208470000641e+05
 6.202790000640e+05
 6.197100000639e+05
 6.191400000638e+05
 6.185690000637e+05
 6.179970000636e+05
 6.174240000635e+05
 6.168500000635e+05
 6.162750000634e+05
 6.156990000633e+05
 6.151220000632e+05
 6.145440000631e+05
 6.139650000630e+05
 6.133850000629e+05
 6.128040000628e+05
 6.122220000628e+05
 6.116390000627e+05
 6.110550000626e+05
 6.104700000625e+05
 6.098840000624e+05
 6.092970000623e+05
 6.087090000622e+05
 6.081200000621e+05
 6.075300000621e+05
 6.069390000620e+05
 6.063470000619e+05
 6.057540000618e+05
 6.051600000617e+05
 6.045650000616e+05
 6.039690000615e+05
 6.033720000614e+05
 6.027740000613e+05
 6.021750000613e+05
 6.015750000612e+05
 6.009740000611e+05
 6.003720000610e+05
 5.997690000609e+05
 5.991650000608e+05
 5.985600000607e+05
 5.979540000606e+05
 5.973470000606e+05
 5.967390000605e+05
 5.961300000604e+05
 5.955200000603e+05
 5.949090000602e+05
 5.942970000601e+05
 5.936840000600e+05
 5.930700000599e+05
 5.924550000598e+05
 5.918390000598e+05
 5.912220000597e+05
 5.906040000596e+05
 5.899850000595e+05
 5.893650000594e+05
 5.887440000593e+05
 5.881220000592e+05
 5.874990000591e+05
 5.868750000590e+05
 5.862500000590e+05
 5.856240000589e+05
 5.849970000588e+05
 5.843690000587e+05
 5.837400000586e+05
 5.831100000585e+05
 5.824790000584e+05
 5.818470000583e+05
 5.812140000582e+05
 5.805800000582e+05
 5.799450000581e+05
 5.793090000580e+05
 5.786720000579e+05
 5.780340000578e+05
 5.773950000577e+05
 5.767550000576e+05
 5.761140000575e+05
 5.754720000574e+05
 5.748290000574e+05
 5.741850000573e+05
 5.735400000572e+05
 5.728940000571e+05
 5.722470000570e+05
 5.715990000569e+05
 5.709500000568e+05
 5.703000000567e+05
 5.696490000566e+05
 5.689970000565e+05
 5.683440000565e+05
 5.676900000564e+05
 5.670350000563e+05
 5.663790000562e+05
 5.657220000561e+05
 5.650640000560e+05
 5.644050000559e+05
 5.637450000558e+05
 5.630840000557e+05
 5.624220000557e+05
 5.617590000556e+05
 5.610950000555e+05
 5.604300000554e+05
 5.597640000553e+05
 5.590970000552e+05
 5.584290000551e+05
 5.577600000550e+05
 5.570900000549e+05
 5.564190000549e+05
 5.557470000548e+05
 5.550740000547e+05
 5.544000000546e+05
 5.537250000545e+05
 5.530490000544e+05
 5.523720000543e+05
 5.516940000542e+05
 5.510150000541e+05
 5.503350000541e+05
 5.496540000540e+05
 5.489720000539e+05
 5.482890000538e+05
 5.476050000537e+05
 5.469200000536e+05
 5.462340000535e+05
 5.455470000534e+05
 5.448590000533e+05
 5.441700000532e+05
 5.434800000532e+05
 5.427890000531e+05
 5.420970000530e+05
 5.414040000529e+05
 5.407100000528e+05
 5.400150000527e+05
 5.393190000526e+05
 5.386220000525e+05
 5.379240000524e+05
 5.372250000523e+05
 5.365250000523e+05
 5.358240000522e+05
 5.351220000521e+05
 5.344190000520e+05
 5.337150000519e+05
 5.330100000518e+05
 5.323040000517e+05
 5.315970000516e+05
 5.308890000515e+05
 5.301800000514e+05
 5.294700000513e+05
 5.287590000513e+05
 5.280470000512e+05
 5.273340000511e+05
 5.266200000510e+05
 5.259050000509e+05
 5.251890000508e+05
 5.244720000507e+05
 5.237540000506e+05
 5.230350000505e+05
 5.223150000504e+05
 5.215940000503e+05
 5.208720000502e+05
 5.201490000502e+05
 5.194250000501e+05
 5.187000000500e+05
 5.179740000499e+05
 5.172470000498e+05
 5.165190000497e+05
 5.157900000496e+05
 5.150600000495e+05
 5.143290000494e+05
 5.135970000493e+05
 5.128640000492e+05
 5.121300000491e+05
 5.113950000490e+05
 5.106590000490e+05
 5.099220000489e+05
 5.091840000488e+05
 5.084450000487e+05
 5.077050000486e+05
 5.069640000485e+05
 5.062220000484e+05
 5.054790000483e+05
 5.047350000482e+05
 5.039900000481e+05
 5.032440000480e+05
 5.024970000479e+05
 5.017490000478e+05
 5.010000000477e+05
 5.002500000477e+05
 4.994990000476e+05
 4.987470000475e+05
 4.979940000474e+05
 4.972400000473e+05
 4.964850000472e+05
 4.957290000471e+05
 4.949720000470e+05
 4.942140000469e+05
 4.934550000468e+05
 4.926950000467e+05
 4.919340000466e+05
 4.911720000465e+05
 4.904090000464e+05
 4.896450000463e+05
 4.888800000462e+05
 4.881140000462e+05
 4.873470000461e+05
 4.865790000460e+05
 4.858100000459e+05
 4.850400000458e+05
 4.842690000457e+05
 4.834970000456e+05
 4.827240000455e+05
 4.819500000454e+05
 4.811750000453e+05
 4.803990000452e+05
 4.796220000451e+05
 4.788440000450e+05
 4.780650000449e+05
 4.772850000448e+05
 4.765040000447e+05
 4.757220000447e+05
 4.749390000446e+05
 4.741550000445e+05
 4.733700000444e+05
 4.725840000443e+05
 4.717970000442e+05
 4.710090000441e+05
 4.702200000440e+05
 4.694300000439e+05
 4.686390000438e+05
 4.678470000437e+05
 4.670540000436e+05
 4.662600000435e+05
 4.654650000434e+05
 4.646690000433e+05
 4.638720000432e+05
 4.630740000431e+05
 4.622750000431e+05
 4.614750000430e+05
 4.606740000429e+05
 4.598720000428e+05
 4.590690000427e+05
 4.582650000426e+05
 4.574600000425e+05
 4.566540000424e+05
 4.558470000423e+05
 4.550390000422e+05
 4.542300000421e+05
 4.534200000420e+05
 4.526090000419e+05
 4.517970000418e+05
 4.509840000417e+05
 4.501700000416e+05
 4.493550000415e+05
 4.485390000415e+05
 4.477220000414e+05
 4.469040000413e+05
 4.460850000412e+05
 4.452650000411e+05
 4.444440000410e+05
 4.436220000409e+05
 4.427990000408e+05
 4.419750000407e+05
 4.411500000406e+05
 4.403240000405e+05
 4.394970000404e+05
 4.386690000403e+05
 4.378400000402e+05
 4.370100000401e+05
 4.361790000400e+05
 4.353470000399e+05
 4.345140000398e+05
 4.336800000397e+05
 4.328450000396e+05
 4.320090000396e+05
 4.311720000395e+05
 4.303340000394e+05
 4.294950000393e+05
 4.286550000392e+05
 4.278140000391e+05
 4.269720000390e+05
 4.261290000389e+05
 4.252850000388e+05
 4.244400000387e+05
 4.235940000386e+05
 4.227470000385e+05
 4.218990000384e+05
 4.210500000383e+05
 4.202000000382e+05
 4.193490000381e+05
 4.184970000380e+05
 4.176440000379e+05
 4.167900000378e+05
 4.159350000378e+05
 4.150790000377e+05
 4.142220000376e+05
 4.133640000375e+05
 4.125050000374e+05
 4.116450000373e+05
 4.107840000372e+05
 4.099220000371e+05
 4.090590000370e+05
 4.081950000369e+05
 4.073300000368e+05
 4.064640000367e+05
 4.055970000366e+05
 4.047290000365e+05
 4.038600000364e+05
 4.029900000363e+05
 4.021190000362e+05
 4.012470000362e+05
 4.003740000361e+05
 3.995000000360e+05
 3.986250000359e+05
 3.977490000358e+05
 3.968720000357e+05
 3.959940000356e+05
 3.951150000355e+05
 3.942350000354e+05
 3.933540000353e+05
 3.924720000352e+05
 3.915890000351e+05
 3.907050000350e+05
 3.898200000349e+05
 3.889340000348e+05
 3.880470000347e+05
 3.871590000346e+05
 3.862700000346e+05
 3.853800000345e+05
 3.844890000344e+05
 3.835970000343e+05
 3.827040000342e+05
 3.818100000341e+05
 3.809150000340e+05
 3.800190000339e+05
 3.791220000338e+05
 3.782240000337e+05
 3.773250000336e+05
 3.764250000335e+05
 3.755240000334e+05
 3.746220000333e+05
 3.737190000332e+05
 3.728150000331e+05
 3.719100000330e+05
 3.710040000330e+05
 3.700970000329e+05
 3.691890000328e+05
 3.682800000327e+05
 3.673700000326e+05
 3.664590000325e+05
 3.655470000324e+05
 3.646340000323e+05
 3.637200000322e+05
 3.628050000321e+05
 3.618890000320e+05
 3.609720000319e+05
 3.600540000318e+05
 3.591350000317e+05
 3.582150000316e+05
 3.572940000315e+05
 3.563720000314e+05
 3.554490000314e+05
 3.545250000313e+05
 3.536000000312e+05
 3.526740000311e+05
 3.517470000310e+05
 3.508190000309e+05
 3.498900000308e+05
 3.489600000307e+05
 3.480290000306e+05
 3.470970000305e+05
 3.461640000304e+05
 3.452300000303e+05
 3.442950000302e+05
 3.433590000301e+05
 3.424220000300e+05
 3.414840000299e+05
 3.405450000298e+05
 3.396050000298e+05
 3.386640000297e+05
 3.377220000296e+05
 3.367790000295e+05
 3.358350000294e+05
 3.348900000293e+05
 3.339440000292e+05
 3.329970000291e+05
 3.320490000290e+05
 3.311000000289e+05
 3.301500000288e+05
 3.291990000287e+05
 3.282470000286e+05
 3.272940000285e+05
 3.263400000284e+05
 3.253850000283e+05
 3.244290000282e+05
 3.234720000281e+05
 3.225140000280e+05
 3.215550000280e+05
 3.205950000279e+05
 3.196340000278e+05
 3.186720000277e+05
 3.177090000276e+05
 3.167450000275e+05
 3.157800000274e+05
 3.148140000273e+05
 3.138470000272e+05
 3.128790000271e+05
 3.119100000270e+05
 3.109400000269e+05
 3.099690000268e+05
 3.089970000267e+05
 3.080240000266e+05
 3.070500000265e+05
 3.060750000264e+05
 3.050990000263e+05
 3.041220000262e+05
 3.031440000261e+05
 3.021650000261e+05
 3.011850000260e+05
 3.002040000259e+05
 2.992220000258e+05
 2.982390000257e+05
 2.972550000256e+05
 2.962700000255e+05
 2.952840000254e+05
 2.942970000253e+05
 2.933090000252e+05
 2.923200000251e+05
 2.913300000250e+05
 2.903390000249e+05
 2.893470000248e+05
 2.883540000247e+05
 2.873600000246e+05
 2.863650000245e+05
 2.853690000244e+05
 2.843720000243e+05
 2.833740000242e+05
 2.823750000241e+05
 2.813750000240e+05
 2.803740000239e+05
 2.793720000239e+05
 2.783690000238e+05
 2.773650000237e+05
 2.763600000236e+05
 2.753540000235e+05
 2.743470000234e+05
 2.733390000233e+05
 2.723300000232e+05
 2.713200000231e+05
 2.703090000230e+05
 2.692970000229e+05
 2.682840000228e+05
 2.672700000227e+05
 2.662550000226e+05
 2.652390000225e+05
 2.642220000224e+05
 2.632040000223e+05
 2.621850000222e+05
 2.611650000221e+05
 2.601440000220e+05
 2.591220000219e+05
 2.580990000219e+05
 2.570750000218e+05
 2.560500000217e+05
 2.550240000216e+05
 2.539970000215e+05
 2.529690000214e+05
 2.519400000213e+05
 2.509100000212e+05
 2.498790000211e+05
 2.488470000210e+05
 2.478140000209e+05
 2.467800000208e+05
 2.457450000207e+05
 2.447090000206e+05
 2.436720000205e+05
 2.426340000204e+05
 2.415950000203e+05
 2.405550000202e+05
 2.395140000201e+05
 2.384720000200e+05
 2.374290000199e+05
 2.363850000198e+05
 2.353400000197e+05
 2.342940000196e+05
 2.332470000195e+05
 2.321990000195e+05
 2.311500000194e+05
 2.301000000193e+05
 2.290490000192e+05
 2.279970000191e+05
 2.269440000190e+05
 2.258900000189e+05
 2.248350000188e+05
 2.237790000187e+05
 2.227220000186e+05
 2.216640000185e+05
 2.206050000184e+05
 2.195450000183e+05
 2.184840000182e+05
 2.174220000181e+05
 2.163590000180e+05
 2.152950000179e+05
 2.142300000178e+05
 2.131640000177e+05
 2.120970000176e+05
 2.110290000175e+05
 2.099600000174e+05
 2.088900000173e+05
 2.078190000172e+05
 2.067470000171e+05
 2.056740000171e+05
 2.046000000170e+05
 2.035250000169e+05
 2.024490000168e+05
 2.013720000167e+05
 2.002940000166e+05
 1.992150000165e+05
 1.981350000164e+05
 1.970540000163e+05
 1.959720000162e+05
 1.948890000161e+05
 1.938050000160e+05
 1.927200000159e+05
 1.916340000158e+05
 1.905470000157e+05
 1.894590000156e+05
 1.883700000155e+05
 1.872800000154e+05
 1.861890000153e+05
 1.850970000152e+05
 1.840040000151e+05
 1.829100000150e+05
 1.818150000149e+05
 1.807190000148e+05
 1.796220000147e+05
 1.785240000146e+05
 1.774250000146e+05
 1.763250000145e+05
 1.752240000144e+05
 1.741220000143e+05
 1.730190000142e+05
 1.719150000141e+05
 1.708100000140e+05
 1.697040000139e+05
 1.685970000138e+05
 1.674890000137e+05
 1.663800000136e+05
 1.652700000135e+05
 1.641590000134e+05
 1.630470000133e+05
 1.619340000132e+05
 1.608200000131e+05
 1.597050000130e+05
 1.585890000129e+05
 1.574720000128e+05
 1.563540000127e+05
 1.552350000126e+05
 1.541150000125e+05
 1.529940000124e+05
 1.518720000123e+05
 1.507490000122e+05
 1.496250000121e+05
 1.485000000120e+05
 1.473740000120e+05
 1.462470000119e+05
 1.451190000118e+05
 1.439900000117e+05
 1.428600000116e+05
 1.417290000115e+05
 1.405970000114e+05
 1.394640000113e+05
 1.383300000112e+05
 1.371950000111e+05
 1.360590000110e+05
 1.349220000109e+05
 1.337840000108e+05
 1.326450000107e+05
 1.315050000106e+05
 1.303640000105e+05
 1.292220000104e+05
 1.280790000103e+05
 1.269350000102e+05
 1.257900000101e+05
 1.246440000100e+05
 1.234970000099e+05
 1.223490000098e+05
 1.212000000097e+05
 1.200500000096e+05
 1.188990000095e+05
 1.177470000094e+05
 1.165940000094e+05
 1.154400000093e+05
 1.142850000092e+05
 1.131290000091e+05
 1.119720000090e+05
 1.108140000089e+05
 1.096550000088e+05
 1.084950000087e+05
 1.073340000086e+05
 1.061720000085e+05
 1.050090000084e+05
 1.038450000083e+05
 1.026800000082e+05
 1.015140000081e+05
 1.003470000080e+05
 9.917900000791e+04
 9.801000000781e+04
 9.684000000771e+04
 9.566900000762e+04
 9.449700000752e+04
 9.332400000742e+04
 9.215000000733e+04
 9.097500000723e+04
 8.979900000713e+04
 8.862200000704e+04
 8.744400000694e+04
 8.626500000684e+04
 8.508500000675e+04
 8.390400000665e+04
 8.272200000656e+04
 8.153900000646e+04
 8.035500000636e+04
 7.917000000627e+04
 7.798400000617e+04
 7.679700000607e+04
 7.560900000598e+04
 7.442000000588e+04
 7.323000000578e+04
 7.203900000569e+04
 7.084700000559e+04
 6.965400000549e+04
 6.846000000540e+04
 6.726500000530e+04
 6.606900000521e+04
 6.487200000511e+04
 6.367400000501e+04
 6.247500000492e+04
 6.127500000482e+04
 6.007400000472e+04
 5.887200000463e+04
 5.766900000453e+04
 5.646500000443e+04
 5.526000000434e+04
 5.405400000424e+04
 5.284700000414e+04
 5.163900000405e+04
 5.043000000395e+04
 4.922000000386e+04
 4.800900000376e+04
 4.679700000366e+04
 4.558400000357e+04
 4.437000000347e+04
 4.315500000337e+04
 4.193900000328e+04
 4.072200000318e+04
 3.950400000308e+04
 3.828500000299e+04
 3.706500000289e+04
 3.584400000280e+04
 3.462200000270e+04
 3.339900000260e+04
 3.217500000251e+04
 3.095000000241e+04
 2.972400000231e+04
 2.849700000222e+04
 2.726900000212e+04
 2.604000000202e+04
 2.481000000193e+04
 2.357900000183e+04
 2.234700000173e+04
 2.111400000164e+04
 1.988000000154e+04
 1.864500000145e+04
 1.740900000135e+04
 1.617200000125e+04
 1.493400000116e+04
 1.369500000106e+04
 1.245500000096e+04
 1.121400000087e+04
 9.972000000771e+03
 8.729000000675e+03
 7.485000000578e+03
 6.240000000482e+03
 4.994000000386e+03
 3.747000000289e+03
 2.499000000193e+03
 1.250000000096e+03
