 2.500000000002e+02
 4.990000000004e+02
 7.470000000006e+02
 9.940000000008e+02
 1.240000000001e+03
 1.485000000001e+03
 1.729000000001e+03
 1.972000000002e+03
 2.214000000002e+03
 2.455000000002e+03
 2.695000000002e+03
 2.934000000003e+03
 3.172000000003e+03
 3.409000000003e+03
 3.645000000003e+03
 3.880000000003e+03
 4.114000000004e+03
 4.347000000004e+03
 4.579000000004e+03
 4.810000000004e+03
 5.040000000004e+03
 5.269000000005e+03
 5.497000000005e+03
 5.724000000005e+03
 5.950000000005e+03
 6.175000000006e+03
 6.399000000006e+03
 6.622000000006e+03
 6.844000000006e+03
 7.065000000007e+03
 7.285000000007e+03
 7.504000000007e+03
 7.722000000007e+03
 7.939000000008e+03
 8.155000000008e+03
 8.370000000008e+03
 8.584000000008e+03
 8.797000000009e+03
 9.009000000009e+03
 9.220000000009e+03
 9.430000000009e+03
 9.639000000010e+03
 9.847000000010e+03
 1.005400000001e+04
 1.026000000001e+04
 1.046500000001e+04
 1.066900000001e+04
 1.087200000001e+04
 1.107400000001e+04
 1.127500000001e+04
 1.147500000001e+04
 1.167400000001e+04
 1.187200000001e+04
 1.206900000001e+04
 1.226500000001e+04
 1.246000000001e+04
 1.265400000001e+04
 1.284700000001e+04
 1.303900000001e+04
 1.323000000001e+04
 1.342000000001e+04
 1.360900000001e+04
 1.379700000001e+04
 1.398400000001e+04
 1.417000000001e+04
 1.435500000001e+04
 1.453900000001e+04
 1.472200000001e+04
 1.490400000002e+04
 1.508500000002e+04
 1.526500000002e+04
 1.544400000002e+04
 1.562200000002e+04
 1.579900000002e+04
 1.597500000002e+04
 1.615000000002e+04
 1.632400000002e+04
 1.649700000002e+04
 1.666900000002e+04
 1.684000000002e+04
 1.701000000002e+04
 1.717900000002e+04
 1.734700000002e+04
 1.751400000002e+04
 1.768000000002e+04
 1.784500000002e+04
 1.800900000002e+04
 1.817200000002e+04
 1.833400000002e+04
 1.849500000002e+04
 1.865500000002e+04
 1.881400000002e+04
 1.897200000002e+04
 1.912900000002e+04
 1.928500000002e+04
 1.944000000002e+04
 1.959400000002e+04
 1.974700000002e+04
 1.989900000002e+04
 2.005000000002e+04
 2.020000000002e+04
 2.034900000002e+04
 2.049700000002e+04
 2.064400000002e+04
 2.079000000002e+04
 2.093500000002e+04
 2.107900000002e+04
 2.122200000002e+04
 2.136400000002e+04
 2.150500000002e+04
 2.164500000002e+04
 2.178400000002e+04
 2.192200000002e+04
 2.205900000002e+04
 2.219500000002e+04
 2.233000000002e+04
 2.246400000002e+04
 2.259700000002e+04
 2.272900000002e+04
 2.286000000002e+04
 2.299000000002e+04
 2.311900000002e+04
 2.324700000002e+04
 2.337400000003e+04
 2.350000000003e+04
 2.362500000003e+04
 2.374900000003e+04
 2.387200000003e+04
 2.399400000003e+04
 2.411500000003e+04
 2.423500000003e+04
 2.435400000003e+04
 2.447200000003e+04
 2.458900000003e+04
 2.470500000003e+04
 2.482000000003e+04
 2.493400000003e+04
 2.504700000003e+04
 2.515900000003e+04
 2.527000000003e+04
 2.538000000003e+04
 2.548900000003e+04
 2.559700000003e+04
 2.570400000003e+04
 2.581000000003e+04
 2.591500000003e+04
 2.601900000003e+04
 2.612200000003e+04
 2.622400000003e+04
 2.632500000003e+04
 2.642500000003e+04
 2.652400000003e+04
 2.662200000003e+04
 2.671900000003e+04
 2.681500000003e+04
 2.691000000003e+04
 2.700400000003e+04
 2.709700000003e+04
 2.718900000003e+04
 2.728000000003e+04
 2.737000000003e+04
 2.745900000003e+04
 2.754700000003e+04
 2.763400000003e+04
 2.772000000003e+04
 2.780500000003e+04
 2.788900000003e+04
 2.797200000003e+04
 2.805400000003e+04
 2.813500000003e+04
 2.821500000003e+04
 2.829400000003e+04
 2.837200000003e+04
 2.844900000003e+04
 2.852500000003e+04
 2.860000000003e+04
 2.867400000003e+04
 2.874700000003e+04
 2.881900000003e+04
 2.889000000003e+04
 2.896000000003e+04
 2.902900000003e+04
 2.909700000003e+04
 2.916400000003e+04
 2.923000000003e+04
 2.929500000003e+04
 2.935900000003e+04
 2.942200000003e+04
 2.948400000003e+04
 2.954500000002e+04
 2.960500000002e+04
 2.966400000002e+04
 2.972200000002e+04
 2.977900000002e+04
 2.983500000002e+04
 2.989000000002e+04
 2.994400000002e+04
 2.999700000002e+04
 3.004900000002e+04
 3.010000000002e+04
 3.015000000002e+04
 3.019900000002e+04
 3.024700000002e+04
 3.029400000002e+04
 3.034000000002e+04
 3.038500000002e+04
 3.042900000002e+04
 3.047200000002e+04
 3.051400000002e+04
 3.055500000002e+04
 3.059500000002e+04
 3.063400000002e+04
 3.067200000002e+04
 3.070900000002e+04
 3.074500000002e+04
 3.078000000002e+04
 3.081400000002e+04
 3.084700000002e+04
 3.087900000002e+04
 3.091000000002e+04
 3.094000000002e+04
 3.096900000002e+04
 3.099700000002e+04
 3.102400000002e+04
 3.105000000002e+04
 3.107500000002e+04
 3.109900000002e+04
 3.112200000002e+04
 3.114400000002e+04
 3.116500000002e+04
 3.118500000002e+04
 3.120400000002e+04
 3.122200000002e+04
 3.123900000002e+04
 3.125500000002e+04
 3.127000000002e+04
 3.128400000002e+04
 3.129700000002e+04
 3.130900000002e+04
 3.132000000002e+04
 3.133000000002e+04
 3.133900000002e+04
 3.134700000002e+04
 3.135400000002e+04
 3.136000000002e+04
 3.136500000002e+04
 3.136900000002e+04
 3.137200000002e+04
 3.137400000002e+04
 3.137500000002e+04
 3.137500000002e+04
 3.137400000002e+04
 3.137200000002e+04
 3.136900000002e+04
 3.136500000002e+04
 3.136000000001e+04
 3.135400000001e+04
 3.134700000001e+04
 3.133900000001e+04
 3.133000000001e+04
 3.132000000001e+04
 3.130900000001e+04
 3.129700000001e+04
 3.128400000001e+04
 3.127000000001e+04
 3.125500000001e+04
 3.123900000001e+04
 3.122200000001e+04
 3.120400000001e+04
 3.118500000001e+04
 3.116500000001e+04
 3.114400000001e+04
 3.112200000001e+04
 3.109900000001e+04
 3.107500000001e+04
 3.105000000001e+04
 3.102400000001e+04
 3.099700000001e+04
 3.096900000001e+04
 3.094000000001e+04
 3.091000000001e+04
 3.087900000001e+04
 3.084700000001e+04
 3.081400000001e+04
 3.078000000001e+04
 3.074500000001e+04
 3.070900000001e+04
 3.067200000001e+04
 3.063400000001e+04
 3.059500000001e+04
 3.055500000001e+04
 3.051400000001e+04
 3.047200000001e+04
 3.042900000001e+04
 3.038500000001e+04
 3.034000000001e+04
 3.029400000001e+04
 3.024700000001e+04
 3.019900000001e+04
 3.015000000001e+04
 3.010000000001e+04
 3.004900000001e+04
 2.999700000001e+04
 2.994400000001e+04
 2.989000000001e+04
 2.983500000001e+04
 2.977900000001e+04
 2.972200000001e+04
 2.966400000000e+04
 2.960500000000e+04
 2.954500000000e+04
 2.948400000000e+04
 2.942200000000e+04
 2.935900000000e+04
 2.929500000000e+04
 2.923000000000e+04
 2.916400000000e+04
 2.909700000000e+04
 2.902900000000e+04
 2.896000000000e+04
 2.889000000000e+04
 2.881900000000e+04
 2.874700000000e+04
 2.867400000000e+04
 2.860000000000e+04
 2.852500000000e+04
 2.844900000000e+04
 2.837200000000e+04
 2.829400000000e+04
 2.821500000000e+04
 2.813500000000e+04
 2.805400000000e+04
 2.797200000000e+04
 2.788900000000e+04
 2.780500000000e+04
 2.772000000000e+04
 2.763400000000e+04
 2.754700000000e+04
 2.745900000000e+04
 2.737000000000e+04
 2.728000000000e+04
 2.718900000000e+04
 2.709700000000e+04
 2.700400000000e+04
 2.691000000000e+04
 2.681500000000e+04
 2.671900000000e+04
 2.662200000000e+04
 2.652400000000e+04
 2.642500000000e+04
 2.632500000000e+04
 2.622400000000e+04
 2.612200000000e+04
 2.601900000000e+04
 2.591500000000e+04
 2.581000000000e+04
 2.570400000000e+04
 2.559700000000e+04
 2.548900000000e+04
 2.538000000000e+04
 2.527000000000e+04
 2.515900000000e+04
 2.504700000000e+04
 2.493400000000e+04
 2.482000000000e+04
 2.470500000000e+04
 2.458900000000e+04
 2.447200000000e+04
 2.435400000000e+04
 2.423500000000e+04
 2.411500000000e+04
 2.399400000000e+04
 2.387200000000e+04
 2.374900000000e+04
 2.362500000000e+04
 2.350000000000e+04
 2.337400000000e+04
 2.324700000000e+04
 2.311900000000e+04
 2.299000000000e+04
 2.286000000000e+04
 2.272900000000e+04
 2.259700000000e+04
 2.246400000000e+04
 2.233000000000e+04
 2.219500000000e+04
 2.205900000000e+04
 2.192200000000e+04
 2.178400000000e+04
 2.164500000000e+04
 2.150500000000e+04
 2.136400000000e+04
 2.122200000000e+04
 2.107900000000e+04
 2.093500000000e+04
 2.079000000000e+04
 2.064400000000e+04
 2.049700000000e+04
 2.034900000000e+04
 2.020000000000e+04
 2.005000000000e+04
 1.989900000000e+04
 1.974700000000e+04
 1.959400000000e+04
 1.944000000000e+04
 1.928500000000e+04
 1.912900000000e+04
 1.897200000000e+04
 1.881400000000e+04
 1.865500000000e+04
 1.849500000000e+04
 1.833400000000e+04
 1.817200000000e+04
 1.800900000000e+04
 1.784500000000e+04
 1.768000000000e+04
 1.751400000000e+04
 1.734700000000e+04
 1.717900000000e+04
 1.701000000000e+04
 1.684000000000e+04
 1.666900000000e+04
 1.649700000000e+04
 1.632400000000e+04
 1.615000000000e+04
 1.597500000000e+04
 1.579900000000e+04
 1.562200000000e+04
 1.544400000000e+04
 1.526500000000e+04
 1.508500000000e+04
 1.490400000000e+04
 1.472200000000e+04
 1.453900000000e+04
 1.435500000000e+04
 1.417000000000e+04
 1.398400000000e+04
 1.379700000000e+04
 1.360900000000e+04
 1.342000000000e+04
 1.323000000000e+04
 1.303900000000e+04
 1.284700000000e+04
 1.265400000000e+04
 1.246000000000e+04
 1.226500000000e+04
 1.206900000000e+04
 1.187200000000e+04
 1.167400000000e+04
 1.147500000000e+04
 1.127500000000e+04
 1.107400000000e+04
 1.087200000000e+04
 1.066900000000e+04
 1.046500000000e+04
 1.026000000000e+04
 1.005400000000e+04
 9.846999999998e+03
 9.638999999998e+03
 9.429999999998e+03
 9.219999999998e+03
 9.008999999998e+03
 8.796999999998e+03
 8.583999999998e+03
 8.369999999998e+03
 8.154999999998e+03
 7.938999999999e+03
 7.721999999999e+03
 7.503999999999e+03
 7.284999999999e+03
 7.064999999999e+03
 6.843999999999e+03
 6.621999999999e+03
 6.398999999999e+03
 6.174999999999e+03
 5.949999999999e+03
 5.723999999999e+03
 5.496999999999e+03
 5.268999999999e+03
 5.039999999999e+03
 4.809999999999e+03
 4.578999999999e+03
 4.346999999999e+03
 4.113999999999e+03
 3.879999999999e+03
 3.644999999999e+03
 3.408999999999e+03
 3.171999999999e+03
 2.933999999999e+03
 2.694999999999e+03
 2.455000000000e+03
 2.214000000000e+03
 1.972000000000e+03
 1.729000000000e+03
 1.485000000000e+03
 1.240000000000e+03
 9.939999999998e+02
 7.469999999999e+02
 4.989999999999e+02
 2.500000000000e+02
