 1695
     0  2    7967.434       7967.434          0.000
     1  0    7967.434          0.000    -100000.004
     2  0    7967.434          0.000          0.000
     3  0    7967.434          0.000          0.000
     4  0    7967.434          0.000          0.000
     5  0    7967.434          0.000          0.000
     6  0    7967.434          0.000          0.000
     7  0    7967.434       7784.038       3430.883
     8  0    7967.434          0.000          0.000
     9  0    7967.434       8514.837       3745.329
    10  0    7967.434          0.000          0.000
    11  0    7967.434          0.000          0.000
    12  0    7967.434          0.000          0.000
    13  0    7967.434          0.000          0.000
    14  0    7967.434          0.000          0.000
    15  0    7967.434          0.000          0.000
    16  0    7967.434          0.000          0.000
    17  0    7967.434          0.000          0.000
    18  0    7967.434          0.000          0.000
    19  0    7967.434       6842.804       3048.671
    20  0    7967.434          0.000          0.000
    21  0    7967.434          0.000          0.000
    22  0    7967.434          0.000          0.000
    23  0    7967.434          0.000          0.000
    24  0    7967.434          0.000          0.000
    25  0    7967.434          0.000          0.000
    26  0    7967.434          0.000          0.000
    27  0    7967.434          0.000          0.000
    28  0    7967.434          0.000          0.000
    29  0    7967.434          0.000          0.000
    30  0    7967.434          0.000          0.000
    31  0    7967.434          0.000          0.000
    32  0    7967.434      11057.834       4973.025
    33  0    7967.434          0.000          0.000
    34  0    7967.434          0.000          0.000
    35  0    7967.434          0.000          0.000
    36  0    7967.434          0.000          0.000
    37  0    7967.434          0.000          0.000
    38  0    7967.434          0.000          0.000
    39  0    7967.434          0.000          0.000
    40  0    7967.434          0.000          0.000
    41  0    7967.434          0.000          0.000
    42  0    7967.434          0.000          0.000
    43  0    7967.434          0.000          0.000
    44  0    7967.434          0.000          0.000
    45  0    7967.434       3508.520       1551.847
    46  0    7967.434          0.000          0.000
    47  0    7967.434          0.000          0.000
    48  0    7967.434          0.000          0.000
    49  0    7967.434          0.000          0.000
    50  0    7967.434          0.000          0.000
    51  0    7967.434          0.000          0.000
    52  0    7967.434          0.000          0.000
    53  0    7967.434          0.000          0.000
    54  0    7967.434          0.000          0.000
    55  0    7967.434          0.000          0.000
    56  0    7967.434          0.000          0.000
    57  0    7967.434          0.000          0.000
    58  0    7967.434          0.000          0.000
    59  0    7967.434          0.000          0.000
    60  0    7967.434          0.000          0.000
    61  0    7967.434          0.000          0.000
    62  0    7967.434       5941.968       2642.623
    63  0    7967.434       5519.627       2400.979
    64  0    7967.434       7347.666       3305.703
    65  0    7967.434          0.000          0.000
    66  0    7967.434          0.000          0.000
    67  0    7967.434          0.000          0.000
    68  0    7967.434          0.000          0.000
    69  0    7967.434          0.000          0.000
    70  0    7967.434          0.000          0.000
    71  0    7967.434          0.000          0.000
    72  0    7967.434          0.000          0.000
    73  0    7967.434          0.000          0.000
    74  0    7967.434          0.000          0.000
    75  0    7967.434          0.000          0.000
    76  0    7967.434          0.000          0.000
    77  0    7967.434          0.000          0.000
    78  0    7967.434          0.000          0.000
    79  0    7967.434          0.000          0.000
    80  0    7967.434          0.000          0.000
    81  0    7967.434          0.000          0.000
    82  0    7967.434      10060.384       4405.507
    83  0    7967.434      11060.477       4963.797
    84  0    7967.434          0.000          0.000
    85  0    7967.434      16807.104       7159.796
    86  0    7967.434          0.000          0.000
    87  0    7967.434          0.000          0.000
    88  0    7967.434          0.000          0.000
    89  0    7967.434          0.000          0.000
    90  0    7967.434       7043.388       3087.458
    91  0    7967.434          0.000          0.000
    92  0    7967.434      18997.792       8877.768
    93  0    7967.434       7349.946       3212.545
    94  0    7967.434          0.000          0.000
    95  0    7967.434          0.000          0.000
    96  0    7967.434       4153.452       1789.392
    97  0    7967.434          0.000          0.000
    98  0    7967.434       7640.596       3450.142
    99  0    7967.434          0.000          0.000
   100  0    7967.434       8158.299       3536.012
   101  0    7967.434          0.000          0.000
   102  0    7967.434          0.000          0.000
   103  0    7967.434          0.000          0.000
   104  0    7967.434          0.000          0.000
   105  0    7967.434          0.000          0.000
   106  0    7967.434          0.000          0.000
   107  0    7967.434          0.000          0.000
   108  0    7967.434          0.000          0.000
   109  0    7967.434      10230.497       4592.887
   110  0    7967.434          0.000          0.000
   111  0    7967.434          0.000          0.000
   112  0    7967.434          0.000          0.000
   113  0    7967.434          0.000          0.000
   114  0    7967.434       3946.126       1681.043
   115  0    7967.434      11642.876       5143.077
   116  0    7967.434          0.000          0.000
   117  0    7967.434          0.000          0.000
   118  0    7967.434          0.000          0.000
   119  0    7967.434      11028.059       4886.204
   120  0    7967.434          0.000          0.000
   121  0    7967.434          0.000          0.000
   122  0    7967.434          0.000          0.000
   123  0    7967.434          0.000          0.000
   124  0    7967.434          0.000          0.000
   125  0    7967.434          0.000          0.000
   126  0    7967.434          0.000          0.000
   127  0    7967.434          0.000          0.000
   128  0    7967.434          0.000          0.000
   129  0    7967.434          0.000          0.000
   130  0    7967.434          0.000          0.000
   131  0    7967.434          0.000          0.000
   132  0    7967.434          0.000          0.000
   133  0    7967.434          0.000          0.000
   134  0    7967.434          0.000          0.000
   135  0    7967.434      10715.381       4653.169
   136  0    7967.434          0.000          0.000
   137  0    7967.434          0.000          0.000
   138  0    7967.434          0.000          0.000
   139  0    7967.434          0.000          0.000
   140  0    7967.434          0.000          0.000
   141  0    7967.434          0.000          0.000
   142  0    7967.434          0.000          0.000
   143  0    7967.434          0.000          0.000
   144  0    7967.434          0.000          0.000
   145  0    7967.434          0.000          0.000
   146  0    7967.434          0.000          0.000
   147  0    7967.434        574.811        248.805
   148  0    7967.434          0.000          0.000
   149  0    7967.434          0.000          0.000
   150  0    7967.434          0.000          0.000
   151  0    7967.434          0.000          0.000
   152  0    7967.434          0.000          0.000
   153  0    7967.434          0.000          0.000
   154  0    7967.434          0.000          0.000
   155  0    7967.434          0.000          0.000
   156  0    7967.434          0.000          0.000
   157  0    7967.434          0.000          0.000
   158  0    7967.434          0.000          0.000
   159  0    7967.434          0.000          0.000
   160  0    7967.434          0.000          0.000
   161  0    7967.434          0.000          0.000
   162  0    7967.434          0.000          0.000
   163  0    7967.434          0.000          0.000
   164  0    7967.434          0.000          0.000
   165  0    7967.434          0.000          0.000
   166  0    7967.434          0.000          0.000
   167  0    7967.434          0.000          0.000
   168  0    7967.434          0.000          0.000
   169  0    7967.434       6169.287       2812.120
   170  0    7967.434          0.000          0.000
   171  0    7967.434          0.000          0.000
   172  0    7967.434          0.000          0.000
   173  0    7967.434          0.000          0.000
   174  0    7967.434          0.000          0.000
   175  0    7967.434          0.000          0.000
   176  0    7967.434          0.000          0.000
   177  0    7967.434          0.000          0.000
   178  0    7967.434          0.000          0.000
   179  0    7967.434          0.000          0.000
   180  0    7967.434       1806.723        771.480
   181  0    7967.434          0.000          0.000
   182  0    7967.434       7612.422       3357.574
   183  0    7967.434          0.000          0.000
   184  0    7967.434          0.000          0.000
   185  0    7967.434          0.000          0.000
   186  0    7967.434          0.000          0.000
   187  0    7967.434          0.000          0.000
   188  0    7967.434          0.000          0.000
   189  0    7967.434          0.000          0.000
   190  0    7967.434          0.000          0.000
   191  0    7967.434          0.000          0.000
   192  0    7967.434          0.000          0.000
   193  0    7967.434        747.560        315.280
   194  0    7967.434          0.000          0.000
   195  0    7967.434          0.000          0.000
   196  0    7967.434          0.000          0.000
   197  0    7967.434          0.000          0.000
   198  0    7967.434          0.000          0.000
   199  0    7967.434          0.000          0.000
   200  0    7967.434          0.000          0.000
   201  0    7967.434          0.000          0.000
   202  0    7967.434          0.000          0.000
   203  0    7967.434          0.000          0.000
   204  0    7967.434          0.000          0.000
   205  0    7967.434          0.000          0.000
   206  0    7967.434          0.000          0.000
   207  0    7967.434          0.000          0.000
   208  0    7967.434          0.000          0.000
   209  0    7967.434          0.000          0.000
   210  0    7967.434          0.000          0.000
   211  0    7967.434          0.000          0.000
   212  0    7967.434          0.000          0.000
   213  0    7967.434          0.000          0.000
   214  0    7967.434          0.000          0.000
   215  0    7967.434          0.000          0.000
   216  0    7967.434          0.000          0.000
   217  0    7967.434          0.000          0.000
   218  0    7967.434          0.000          0.000
   219  0    7967.434          0.000          0.000
   220  0    7967.434          0.000          0.000
   221  0    7967.434          0.000          0.000
   222  0    7967.434          0.000          0.000
   223  0    7967.434          0.000          0.000
   224  0    7967.434          0.000          0.000
   225  0    7967.434          0.000          0.000
   226  0    7967.434          0.000          0.000
   227  0    7967.434          0.000          0.000
   228  0    7967.434          0.000          0.000
   229  0    7967.434          0.000          0.000
   230  0    7967.434          0.000          0.000
   231  0    7967.434          0.000          0.000
   232  0    7967.434          0.000          0.000
   233  0    7967.434       1589.594        681.858
   234  0    7967.434          0.000          0.000
   235  0    7967.434          0.000          0.000
   236  0    7967.434          0.000          0.000
   237  0    7967.434          0.000          0.000
   238  0    7967.434          0.000          0.000
   239  0    7967.434          0.000          0.000
   240  0    7967.434          0.000          0.000
   241  0    7967.434          0.000          0.000
   242  0    7967.434          0.000          0.000
   243  0    7967.434          0.000          0.000
   244  0    7967.434          0.000          0.000
   245  0    7967.434          0.000          0.000
   246  0    7967.434          0.000          0.000
   247  0    7967.434          0.000          0.000
   248  0    7967.434          0.000          0.000
   249  0    7967.434          0.000          0.000
   250  0    7967.434          0.000          0.000
   251  0    7967.434          0.000          0.000
   252  0    7967.434          0.000          0.000
   253  0    7967.434          0.000          0.000
   254  0    7967.434          0.000          0.000
   255  0    7967.434          0.000          0.000
   256  0    7967.434          0.000          0.000
   257  0    7967.434          0.000          0.000
   258  0    7967.434          0.000          0.000
   259  0    7967.434          0.000          0.000
   260  0    7967.434          0.000          0.000
   261  0    7967.434          0.000          0.000
   262  0    7967.434          0.000          0.000
   263  0    7967.434          0.000          0.000
   264  0    7967.434          0.000          0.000
   265  0    7967.434          0.000          0.000
   266  0    7967.434          0.000          0.000
   267  0    7967.434          0.000          0.000
   268  0    7967.434          0.000          0.000
   269  0    7967.434       3302.180       1431.615
   270  0    7967.434          0.000          0.000
   271  0    7967.434          0.000          0.000
   272  0    7967.434          0.000          0.000
   273  0    7967.434          0.000          0.000
   274  0    7967.434          0.000          0.000
   275  0    7967.434          0.000          0.000
   276  0    7967.434          0.000          0.000
   277  0    7967.434          0.000          0.000
   278  0    7967.434          0.000          0.000
   279  0    7967.434          0.000          0.000
   280  0    7967.434          0.000          0.000
   281  0    7967.434          0.000          0.000
   282  0    7967.434          0.000          0.000
   283  0    7967.434          0.000          0.000
   284  0    7967.434          0.000          0.000
   285  0    7967.434          0.000          0.000
   286  0    7967.434          0.000          0.000
   287  0    7967.434          0.000          0.000
   288  0    7967.434          0.000          0.000
   289  0    7967.434          0.000          0.000
   290  0    7967.434          0.000          0.000
   291  0    7967.434       3745.561       1635.526
   292  0    7967.434          0.000          0.000
   293  0    7967.434          0.000          0.000
   294  0    7967.434          0.000          0.000
   295  0    7967.434          0.000          0.000
   296  0    7967.434          0.000          0.000
   297  0    7967.434          0.000          0.000
   298  0    7967.434          0.000          0.000
   299  0    7967.434          0.000          0.000
   300  0    7967.434          0.000          0.000
   301  0    7967.434          0.000          0.000
   302  0    7967.434          0.000          0.000
   303  0    7967.434          0.000          0.000
   304  0    7967.434          0.000          0.000
   305  0    7967.434          0.000          0.000
   306  0    7967.434          0.000          0.000
   307  0    7967.434          0.000          0.000
   308  0    7967.434          0.000          0.000
   309  0    7967.434          0.000          0.000
   310  0    7967.434          0.000          0.000
   311  0    7967.434          0.000          0.000
   312  0    7967.434          0.000          0.000
   313  0    7967.434          0.000          0.000
   314  0    7967.434          0.000          0.000
   315  0    7967.434          0.000          0.000
   316  0    7967.434          0.000          0.000
   317  0    7967.434          0.000          0.000
   318  0    7967.434          0.000          0.000
   319  0    7967.434          0.000          0.000
   320  0    7967.434          0.000          0.000
   321  0    7967.434          0.000          0.000
   322  0    7967.434          0.000          0.000
   323  0    7967.434        973.854        408.606
   324  0    7967.434          0.000          0.000
   325  0    7967.434          0.000          0.000
   326  0    7967.434          0.000          0.000
   327  0    7967.434          0.000          0.000
   328  0    7967.434          0.000          0.000
   329  0    7967.434          0.000          0.000
   330  0    7967.434          0.000          0.000
   331  0    7967.434          0.000          0.000
   332  0    7967.434          0.000          0.000
   333  0    7967.434          0.000          0.000
   334  0    7967.434          0.000          0.000
   335  0    7967.434          0.000          0.000
   336  0    7967.434          0.000          0.000
   337  0    7967.434          0.000          0.000
   338  0    7967.434          0.000          0.000
   339  0    7967.434          0.000          0.000
   340  0    7967.434          0.000          0.000
   341  0    7967.434          0.000          0.000
   342  0    7967.434          0.000          0.000
   343  0    7967.434          0.000          0.000
   344  0    7967.434          0.000          0.000
   345  0    7967.434          0.000          0.000
   346  0    7967.434          0.000          0.000
   347  0    7967.434      10700.955       5234.536
   348  0    7967.434          0.000          0.000
   349  0    7967.434          0.000          0.000
   350  0    7967.434          0.000          0.000
   351  0    7967.434          0.000          0.000
   352  0    7967.434          0.000          0.000
   353  0    7967.434          0.000          0.000
   354  0    7967.434          0.000          0.000
   355  0    7967.434          0.000          0.000
   356  0    7967.434      13074.163       5705.143
   357  0    7967.434          0.000          0.000
   358  0    7967.434          0.000          0.000
   359  0    7967.434          0.000          0.000
   360  0    7967.434          0.000          0.000
   361  0    7967.434          0.000          0.000
   362  0    7967.434          0.000          0.000
   363  0    7967.434          0.000          0.000
   364  0    7967.434          0.000          0.000
   365  0    7967.434          0.000          0.000
   366  0    7967.434       1585.369        674.113
   367  0    7967.434          0.000          0.000
   368  0    7967.434          0.000          0.000
   369  0    7967.434          0.000          0.000
   370  0    7967.434          0.000          0.000
   371  0    7967.434          0.000          0.000
   372  0    7967.434          0.000          0.000
   373  0    7967.434          0.000          0.000
   374  0    7967.434          0.000          0.000
   375  0    7967.434          0.000          0.000
   376  0    7967.434          0.000          0.000
   377  0    7967.434          0.000          0.000
   378  0    7967.434          0.000          0.000
   379  0    7967.434          0.000          0.000
   380  0    7967.434          0.000          0.000
   381  0    7967.434          0.000          0.000
   382  0    7967.434          0.000          0.000
   383  0    7967.434          0.000          0.000
   384  0    7967.434          0.000          0.000
   385  0    7967.434          0.000          0.000
   386  0    7967.434          0.000          0.000
   387  0    7967.434          0.000          0.000
   388  0    7967.434          0.000          0.000
   389  0    7967.434          0.000          0.000
   390  0    7967.434          0.000          0.000
   391  0    7967.434          0.000          0.000
   392  0    7967.434          0.000          0.000
   393  0    7967.434          0.000          0.000
   394  0    7967.434        294.707        123.309
   395  0    7967.434          0.000          0.000
   396  0    7967.434          0.000          0.000
   397  0    7967.434          0.000          0.000
   398  0    7967.434          0.000          0.000
   399  0    7967.434          0.000          0.000
   400  0    7967.434          0.000          0.000
   401  0    7967.434      10976.008       4918.257
   402  0    7967.434          0.000          0.000
   403  0    7967.434          0.000          0.000
   404  0    7967.434          0.000          0.000
   405  0    7967.434          0.000          0.000
   406  0    7967.434          0.000          0.000
   407  0    7967.434          0.000          0.000
   408  0    7967.434          0.000          0.000
   409  0    7967.434          0.000          0.000
   410  0    7967.434          0.000          0.000
   411  0    7967.434          0.000          0.000
   412  0    7967.434          0.000          0.000
   413  0    7967.434          0.000          0.000
   414  0    7967.434          0.000          0.000
   415  0    7967.434          0.000          0.000
   416  0    7967.434          0.000          0.000
   417  0    7967.434          0.000          0.000
   418  0    7967.434          0.000          0.000
   419  0    7967.434        635.927        262.624
   420  0    7967.434          0.000          0.000
   421  0    7967.434          0.000          0.000
   422  0    7967.434          0.000          0.000
   423  0    7967.434          0.000          0.000
   424  0    7967.434          0.000          0.000
   425  0    7967.434          0.000          0.000
   426  0    7967.434          0.000          0.000
   427  0    7967.434          0.000          0.000
   428  0    7967.434          0.000          0.000
   429  0    7967.434          0.000          0.000
   430  0    7967.434          0.000          0.000
   431  0    7967.434          0.000          0.000
   432  0    7967.434          0.000          0.000
   433  0    7967.434          0.000          0.000
   434  0    7967.434          0.000          0.000
   435  0    7967.434          0.000          0.000
   436  0    7967.434          0.000          0.000
   437  0    7967.434          0.000          0.000
   438  0    7967.434          0.000          0.000
   439  0    7967.434          0.000          0.000
   440  0    7967.434          0.000          0.000
   441  0    7967.434          0.000          0.000
   442  0    7967.434          0.000          0.000
   443  0    7967.434          0.000          0.000
   444  0    7967.434          0.000          0.000
   445  0    7967.434          0.000          0.000
   446  0    7967.434          0.000          0.000
   447  0    7967.434          0.000          0.000
   448  0    7967.434          0.000          0.000
   449  0    7967.434          0.000          0.000
   450  0    7967.434          0.000          0.000
   451  0    7967.434          0.000          0.000
   452  0    7967.434      13206.959       5980.798
   453  0    7967.434          0.000          0.000
   454  0    7967.434          0.000          0.000
   455  0    7967.434          0.000          0.000
   456  0    7967.434          0.000          0.000
   457  0    7967.434          0.000          0.000
   458  0    7967.434          0.000          0.000
   459  0    7967.434          0.000          0.000
   460  0    7967.434          0.000          0.000
   461  0    7967.434          0.000          0.000
   462  0    7967.434       5408.070       2375.971
   463  0    7967.434          0.000          0.000
   464  0    7967.434          0.000          0.000
   465  0    7967.434          0.000          0.000
   466  0    7967.434          0.000          0.000
   467  0    7967.434          0.000          0.000
   468  0    7967.434       5570.498       2467.548
   469  0    7967.434          0.000          0.000
   470  0    7967.434          0.000          0.000
   471  0    7967.434          0.000          0.000
   472  0    7967.434          0.000          0.000
   473  0    7967.434          0.000          0.000
   474  0    7967.434          0.000          0.000
   475  0    7967.434          0.000          0.000
   476  0    7967.434          0.000          0.000
   477  0    7967.434          0.000          0.000
   478  0    7967.434          0.000          0.000
   479  0    7967.434          0.000          0.000
   480  0    7967.434          0.000          0.000
   481  0    7967.434          0.000          0.000
   482  0    7967.434          0.000          0.000
   483  0    7967.434          0.000          0.000
   484  0    7967.434          0.000          0.000
   485  0    7967.434          0.000          0.000
   486  0    7967.434          0.000          0.000
   487  0    7967.434          0.000          0.000
   488  0    7967.434          0.000          0.000
   489  0    7967.434      13132.635       5921.398
   490  0    7967.434          0.000          0.000
   491  0    7967.434          0.000          0.000
   492  0    7967.434          0.000          0.000
   493  0    7967.434          0.000          0.000
   494  0    7967.434          0.000          0.000
   495  0    7967.434          0.000          0.000
   496  0    7967.434          0.000          0.000
   497  0    7967.434          0.000          0.000
   498  0    7967.434          0.000          0.000
   499  0    7967.434          0.000          0.000
   500  0    7967.434          0.000          0.000
   501  0    7967.434          0.000          0.000
   502  0    7967.434          0.000          0.000
   503  0    7967.434          0.000          0.000
   504  0    7967.434          0.000          0.000
   505  0    7967.434          0.000          0.000
   506  0    7967.434          0.000          0.000
   507  0    7967.434          0.000          0.000
   508  0    7967.434          0.000          0.000
   509  0    7967.434          0.000          0.000
   510  0    7967.434          0.000          0.000
   511  0    7967.434          0.000          0.000
   512  0    7967.434          0.000          0.000
   513  0    7967.434          0.000          0.000
   514  0    7967.434         53.759         19.750
   515  0    7967.434          0.000          0.000
   516  0    7967.434          0.000          0.000
   517  0    7967.434          0.000          0.000
   518  0    7967.434          0.000          0.000
   519  0    7967.434          0.000          0.000
   520  0    7967.434          0.000          0.000
   521  0    7967.434          0.000          0.000
   522  0    7967.434          0.000          0.000
   523  0    7967.434          0.000          0.000
   524  0    7967.434          0.000          0.000
   525  0    7967.434          0.000          0.000
   526  0    7967.434          0.000          0.000
   527  0    7967.434          0.000          0.000
   528  0    7967.434          0.000          0.000
   529  0    7967.434          0.000          0.000
   530  0    7967.434          0.000          0.000
   531  0    7967.434          0.000          0.000
   532  0    7967.434          0.000          0.000
   533  0    7967.434          0.000          0.000
   534  0    7967.434          0.000          0.000
   535  0    7967.434          0.000          0.000
   536  0    7967.434          0.000          0.000
   537  0    7967.434          0.000          0.000
   538  0    7967.434          0.000          0.000
   539  0    7967.434          0.000          0.000
   540  0    7967.434          0.000          0.000
   541  0    7967.434          0.000          0.000
   542  0    7967.434          0.000          0.000
   543  0    7967.434          0.000          0.000
   544  0    7967.434          0.000          0.000
   545  0    7967.434          0.000          0.000
   546  0    7967.434          0.000          0.000
   547  0    7967.434          0.000          0.000
   548  0    7967.434       7021.072       3221.026
   549  0    7967.434          0.000          0.000
   550  0    7967.434          0.000          0.000
   551  0    7967.434          0.000          0.000
   552  0    7967.434          0.000          0.000
   553  0    7967.434          0.000          0.000
   554  0    7967.434          0.000          0.000
   555  0    7967.434          0.000          0.000
   556  0    7967.434          0.000          0.000
   557  0    7967.434          0.000          0.000
   558  0    7967.434          0.000          0.000
   559  0    7967.434          0.000          0.000
   560  0    7967.434          0.000          0.000
   561  0    7967.434          0.000          0.000
   562  0    7967.434          0.000          0.000
   563  0    7967.434          0.000          0.000
   564  0    7967.434          0.000          0.000
   565  0    7967.434          0.000          0.000
   566  0    7967.434          0.000          0.000
   567  0    7967.434          0.000          0.000
   568  0    7967.434          0.000          0.000
   569  0    7967.434          0.000          0.000
   570  0    7967.434          0.000          0.000
   571  0    7967.434          0.000          0.000
   572  0    7967.434          0.000          0.000
   573  0    7967.434          0.000          0.000
   574  0    7967.434          0.000          0.000
   575  0    7967.434       1374.198        594.003
   576  0    7967.434          0.000          0.000
   577  0    7967.434          0.000          0.000
   578  0    7967.434          0.000          0.000
   579  0    7967.434          0.000          0.000
   580  0    7967.434          0.000          0.000
   581  0    7967.434          0.000          0.000
   582  0    7967.434          0.000          0.000
   583  0    7967.434          0.000          0.000
   584  0    7967.434          0.000          0.000
   585  0    7967.434          0.000          0.000
   586  0    7967.434          0.000          0.000
   587  0    7967.434          0.000          0.000
   588  0    7967.434          0.000          0.000
   589  0    7967.434        521.276        224.970
   590  0    7967.434          0.000          0.000
   591  0    7967.434          0.000          0.000
   592  0    7967.434          0.000          0.000
   593  0    7967.434          0.000          0.000
   594  0    7967.434      15110.048       6930.587
   595  0    7967.434          0.000          0.000
   596  0    7967.434          0.000          0.000
   597  0    7967.434          0.000          0.000
   598  0    7967.434          0.000          0.000
   599  0    7967.434          0.000          0.000
   600  0    7967.434          0.000          0.000
   601  0    7967.434          0.000          0.000
   602  0    7967.434          0.000          0.000
   603  0    7967.434          0.000          0.000
   604  0    7967.434          0.000          0.000
   605  0    7967.434          0.000          0.000
   606  0    7967.434          0.000          0.000
   607  0    7967.434          0.000          0.000
   608  0    7967.434          0.000          0.000
   609  0    7967.434          0.000          0.000
   610  0    7967.434          0.000          0.000
   611  0    7967.434          0.000          0.000
   612  0    7967.434          0.000          0.000
   613  0    7967.434          0.000          0.000
   614  0    7967.434          0.000          0.000
   615  0    7967.434          0.000          0.000
   616  0    7967.434          0.000          0.000
   617  0    7967.434          0.000          0.000
   618  0    7967.434          0.000          0.000
   619  0    7967.434          0.000          0.000
   620  0    7967.434          0.000          0.000
   621  0    7967.434          0.000          0.000
   622  0    7967.434          0.000          0.000
   623  0    7967.434          0.000          0.000
   624  0    7967.434          0.000          0.000
   625  0    7967.434       3563.365       1552.389
   626  0    7967.434          0.000          0.000
   627  0    7967.434          0.000          0.000
   628  0    7967.434          0.000          0.000
   629  0    7967.434          0.000          0.000
   630  0    7967.434          0.000          0.000
   631  0    7967.434          0.000          0.000
   632  0    7967.434          0.000          0.000
   633  0    7967.434          0.000          0.000
   634  0    7967.434          0.000          0.000
   635  0    7967.434          0.000          0.000
   636  0    7967.434          0.000          0.000
   637  0    7967.434          0.000          0.000
   638  0    7967.434          0.000          0.000
   639  0    7967.434          0.000          0.000
   640  0    7967.434          0.000          0.000
   641  0    7967.434          0.000          0.000
   642  0    7967.434          0.000          0.000
   643  0    7967.434          0.000          0.000
   644  0    7967.434       1534.473        658.682
   645  0    7967.434          0.000          0.000
   646  0    7967.434          0.000          0.000
   647  0    7967.434          0.000          0.000
   648  0    7967.434       8562.970       3908.469
   649  0    7967.434          0.000          0.000
   650  0    7967.434          0.000          0.000
   651  0    7967.434          0.000          0.000
   652  0    7967.434          0.000          0.000
   653  0    7967.434          0.000          0.000
   654  0    7967.434          0.000          0.000
   655  0    7967.434          0.000          0.000
   656  0    7967.434          0.000          0.000
   657  0    7967.434       7581.141       3332.443
   658  0    7967.434          0.000          0.000
   659  0    7967.434          0.000          0.000
   660  0    7967.434          0.000          0.000
   661  0    7967.434          0.000          0.000
   662  0    7967.434          0.000          0.000
   663  0    7967.434      11429.011       4868.738
   664  0    7967.434       2464.428       1049.842
   665  0    7967.434          0.000          0.000
   666  0    7967.434          0.000          0.000
   667  0    7967.434          0.000          0.000
   668  0    7967.434          0.000          0.000
   669  0    7967.434          0.000          0.000
   670  0    7967.434          0.000          0.000
   671  0    7967.434          0.000          0.000
   672  0    7967.434          0.000          0.000
   673  0    7967.434          0.000          0.000
   674  0    7967.434          0.000          0.000
   675  0    7967.434          0.000          0.000
   676  0    7967.434          0.000          0.000
   677  0    7967.434          0.000          0.000
   678  0    7967.434        491.643        201.003
   679  0    7967.434          0.000          0.000
   680  0    7967.434          0.000          0.000
   681  0    7967.434          0.000          0.000
   682  0    7967.434          0.000          0.000
   683  0    7967.434          0.000          0.000
   684  0    7967.434          0.000          0.000
   685  0    7967.434          0.000          0.000
   686  0    7967.434          0.000          0.000
   687  0    7967.434          0.000          0.000
   688  0    7967.434          0.000          0.000
   689  0    7967.434          0.000          0.000
   690  0    7967.434          0.000          0.000
   691  0    7967.434          0.000          0.000
   692  0    7967.434          0.000          0.000
   693  0    7967.434          0.000          0.000
   694  0    7967.434          0.000          0.000
   695  0    7967.434          0.000          0.000
   696  0    7967.434          0.000          0.000
   697  0    7967.434          0.000          0.000
   698  0    7967.434       2231.947        958.044
   699  0    7967.434          0.000          0.000
   700  0    7967.434          0.000          0.000
   701  0    7967.434          0.000          0.000
   702  0    7967.434          0.000          0.000
   703  0    7967.434       8382.769       3809.860
   704  0    7967.434          0.000          0.000
   705  0    7967.434          0.000          0.000
   706  0    7967.434          0.000          0.000
   707  0    7967.434          0.000          0.000
   708  0    7967.434          0.000          0.000
   709  0    7967.434          0.000          0.000
   710  0    7967.434          0.000          0.000
   711  0    7967.434          0.000          0.000
   712  0    7967.434          0.000          0.000
   713  0    7967.434          0.000          0.000
   714  0    7967.434          0.000          0.000
   715  0    7967.434          0.000          0.000
   716  0    7967.434          0.000          0.000
   717  0    7967.434          0.000          0.000
   718  0    7967.434          0.000          0.000
   719  0    7967.434          0.000          0.000
   720  0    7967.434          0.000          0.000
   721  0    7967.434          0.000          0.000
   722  0    7967.434          0.000          0.000
   723  0    7967.434          0.000          0.000
   724  0    7967.434          0.000          0.000
   725  0    7967.434          0.000          0.000
   726  0    7967.434          0.000          0.000
   727  0    7967.434          0.000          0.000
   728  0    7967.434          0.000          0.000
   729  0    7967.434       4099.593       1746.374
   730  0    7967.434          0.000          0.000
   731  0    7967.434          0.000          0.000
   732  0    7967.434          0.000          0.000
   733  0    7967.434      11057.328       5109.389
   734  0    7967.434          0.000          0.000
   735  0    7967.434          0.000          0.000
   736  0    7967.434          0.000          0.000
   737  0    7967.434          0.000          0.000
   738  0    7967.434          0.000          0.000
   739  0    7967.434          0.000          0.000
   740  0    7967.434          0.000          0.000
   741  0    7967.434          0.000          0.000
   742  0    7967.434          0.000          0.000
   743  0    7967.434          0.000          0.000
   744  0    7967.434       2726.917       1177.097
   745  0    7967.434          0.000          0.000
   746  0    7967.434          0.000          0.000
   747  0    7967.434          0.000          0.000
   748  0    7967.434       4651.035       2047.230
   749  0    7967.434          0.000          0.000
   750  0    7967.434          0.000          0.000
   751  0    7967.434          0.000          0.000
   752  0    7967.434          0.000          0.000
   753  0    7967.434          0.000          0.000
   754  0    7967.434          0.000          0.000
   755  0    7967.434          0.000          0.000
   756  0    7967.434          0.000          0.000
   757  0    7967.434          0.000          0.000
   758  0    7967.434          0.000          0.000
   759  0    7967.434          0.000          0.000
   760  0    7967.434       8171.245       3679.326
   761  0    7967.434          0.000          0.000
   762  0    7967.434          0.000          0.000
   763  0    7967.434          0.000          0.000
   764  0    7967.434          0.000          0.000
   765  0    7967.434          0.000          0.000
   766  0    7967.434          0.000          0.000
   767  0    7967.434       1153.524        486.576
   768  0    7967.434          0.000          0.000
   769  0    7967.434          0.000          0.000
   770  0    7967.434          0.000          0.000
   771  0    7967.434          0.000          0.000
   772  0    7967.434          0.000          0.000
   773  0    7967.434          0.000          0.000
   774  0    7967.434          0.000          0.000
   775  0    7967.434          0.000          0.000
   776  0    7967.434      10559.594       4702.404
   777  0    7967.434          0.000          0.000
   778  0    7967.434          0.000          0.000
   779  0    7967.434          0.000          0.000
   780  0    7967.434          0.000          0.000
   781  0    7967.434          0.000          0.000
   782  0    7967.434          0.000          0.000
   783  0    7967.434          0.000          0.000
   784  0    7967.434          0.000          0.000
   785  0    7967.434          0.000          0.000
   786  0    7967.434          0.000          0.000
   787  0    7967.434          0.000          0.000
   788  0    7967.434          0.000          0.000
   789  0    7967.434       2488.452       1083.674
   790  0    7967.434          0.000          0.000
   791  0    7967.434          0.000          0.000
   792  0    7967.434          0.000          0.000
   793  0    7967.434          0.000          0.000
   794  0    7967.434          0.000          0.000
   795  0    7967.434          0.000          0.000
   796  0    7967.434          0.000          0.000
   797  0    7967.434          0.000          0.000
   798  0    7967.434          0.000          0.000
   799  0    7967.434          0.000          0.000
   800  0    7967.434          0.000          0.000
   801  0    7967.434          0.000          0.000
   802  0    7967.434          0.000          0.000
   803  0    7967.434          0.000          0.000
   804  0    7967.434          0.000          0.000
   805  0    7967.434          0.000          0.000
   806  0    7967.434          0.000          0.000
   807  0    7967.434          0.000          0.000
   808  0    7967.434          0.000          0.000
   809  0    7967.434          0.000          0.000
   810  0    7967.434          0.000          0.000
   811  0    7967.434          0.000          0.000
   812  0    7967.434          0.000          0.000
   813  0    7967.434          0.000          0.000
   814  0    7967.434          0.000          0.000
   815  0    7967.434          0.000          0.000
   816  0    7967.434          0.000          0.000
   817  0    7967.434          0.000          0.000
   818  0    7967.434          0.000          0.000
   819  0    7967.434          0.000          0.000
   820  0    7967.434       8061.712       3641.836
   821  0    7967.434          0.000          0.000
   822  0    7967.434          0.000          0.000
   823  0    7967.434          0.000          0.000
   824  0    7967.434          0.000          0.000
   825  0    7967.434          0.000          0.000
   826  0    7967.434          0.000          0.000
   827  0    7967.434          0.000          0.000
   828  0    7967.434          0.000          0.000
   829  0    7967.434          0.000          0.000
   830  0    7967.434          0.000          0.000
   831  0    7967.434          0.000          0.000
   832  0    7967.434       8129.985       3691.150
   833  0    7967.434          0.000          0.000
   834  0    7967.434          0.000          0.000
   835  0    7967.434          0.000          0.000
   836  0    7967.434          0.000          0.000
   837  0    7967.434          0.000          0.000
   838  0    7967.434          0.000          0.000
   839  0    7967.434          0.000          0.000
   840  0    7967.434          0.000          0.000
   841  0    7967.434          0.000          0.000
   842  0    7967.434          0.000          0.000
   843  0    7967.434          0.000          0.000
   844  0    7967.434          0.000          0.000
   845  0    7967.434          0.000          0.000
   846  0    7967.434          0.000          0.000
   847  0    7967.434          0.000          0.000
   848  0    7967.434          0.000          0.000
   849  0    7967.434          0.000          0.000
   850  0    7967.434          0.000          0.000
   851  0    7967.434          0.000          0.000
   852  0    7967.434      14164.706       6351.207
   853  0    7967.434          0.000          0.000
   854  0    7967.434          0.000          0.000
   855  0    7967.434          0.000          0.000
   856  0    7967.434          0.000          0.000
   857  0    7967.434          0.000          0.000
   858  0    7967.434          0.000          0.000
   859  0    7967.434          0.000          0.000
   860  0    7967.434          0.000          0.000
   861  0    7967.434       1961.263        839.278
   862  0    7967.434          0.000          0.000
   863  0    7967.434          0.000          0.000
   864  0    7967.434          0.000          0.000
   865  0    7967.434          0.000          0.000
   866  0    7967.434          0.000          0.000
   867  0    7967.434          0.000          0.000
   868  0    7967.434          0.000          0.000
   869  0    7967.434          0.000          0.000
   870  0    7967.434          0.000          0.000
   871  0    7967.434          0.000          0.000
   872  0    7967.434          0.000          0.000
   873  0    7967.434          0.000          0.000
   874  0    7967.434          0.000          0.000
   875  0    7967.434          0.000          0.000
   876  0    7967.434         30.075          3.640
   877  0    7967.434          0.000          0.000
   878  0    7967.434          0.000          0.000
   879  0    7967.434          0.000          0.000
   880  0    7967.434          0.000          0.000
   881  0    7967.434          0.000          0.000
   882  0    7967.434          0.000          0.000
   883  0    7967.434          0.000          0.000
   884  0    7967.434          0.000          0.000
   885  0    7967.434          0.000          0.000
   886  0    7967.434          0.000          0.000
   887  0    7967.434          0.000          0.000
   888  0    7967.434          0.000          0.000
   889  0    7967.434          0.000          0.000
   890  0    7967.434          0.000          0.000
   891  0    7967.434          0.000          0.000
   892  0    7967.434          0.000          0.000
   893  0    7967.434          0.000          0.000
   894  0    7967.434          0.000          0.000
   895  0    7967.434          0.000          0.000
   896  0    7967.434          0.000          0.000
   897  0    7967.434          0.000          0.000
   898  0    7967.434          0.000          0.000
   899  0    7967.434          0.000          0.000
   900  0    7967.434          0.000          0.000
   901  0    7967.434          0.000          0.000
   902  0    7967.434          2.331          0.000
   903  0    7967.434          0.000          0.000
   904  0    7967.434          0.000          0.000
   905  0    7967.434          0.000          0.000
   906  0    7967.434          0.000          0.000
   907  0    7967.434          0.000          0.000
   908  0    7967.434          0.000          0.000
   909  0    7967.434          0.000          0.000
   910  0    7967.434          0.000          0.000
   911  0    7967.434          0.000          0.000
   912  0    7967.434          0.000          0.000
   913  0    7967.434          0.000          0.000
   914  0    7967.434          4.662          0.000
   915  0    7967.434          0.000          0.000
   916  0    7967.434          0.000          0.000
   917  0    7967.434          0.000          0.000
   918  0    7967.434          0.000          0.000
   919  0    7967.434          0.000          0.000
   920  0    7967.434          0.000          0.000
   921  0    7967.434          0.000          0.000
   922  0    7967.434          0.000          0.000
   923  0    7967.434          0.000          0.000
   924  0    7967.434          0.000          0.000
   925  0    7967.434          0.000          0.000
   926  0    7967.434          0.000          0.000
   927  0    7967.434          0.000          0.000
   928  0    7967.434          0.000          0.000
   929  0    7967.434          0.000          0.000
   930  0    7967.434          0.000          0.000
   931  0    7967.434          0.000          0.000
   932  0    7967.434          0.000          0.000
   933  0    7967.434          0.000          0.000
   934  0    7967.434       1563.292        707.415
   935  0    7967.434          0.000          0.000
   936  0    7967.434          0.000          0.000
   937  0    7967.434          0.000          0.000
   938  0    7967.434          0.000          0.000
   939  0    7967.434       4310.646       1858.322
   940  0    7967.434          0.000          0.000
   941  0    7967.434          0.000          0.000
   942  0    7967.434          0.000          0.000
   943  0    7967.434          0.000          0.000
   944  0    7967.434          0.000          0.000
   945  0    7967.434          0.000          0.000
   946  0    7967.434          0.000          0.000
   947  0    7967.434          0.000          0.000
   948  0    7967.434          3.099          0.000
   949  0    7967.434          0.000          0.000
   950  0    7967.434        634.755        275.654
   951  0    7967.434          0.000          0.000
   952  0    7967.434          0.000          0.000
   953  0    7967.434          0.000          0.000
   954  0    7967.434          0.000          0.000
   955  0    7967.434          0.000          0.000
   956  0    7967.434          0.000          0.000
   957  0    7967.434          0.000          0.000
   958  0    7967.434          0.000          0.000
   959  0    7967.434          0.000          0.000
   960  0    7967.434          0.000          0.000
   961  0    7967.434          0.000          0.000
   962  0    7967.434          0.000          0.000
   963  0    7967.434          0.000          0.000
   964  0    7967.434          0.000          0.000
   965  0    7967.434          0.000          0.000
   966  0    7967.434          0.000          0.000
   967  0    7967.434          0.000          0.000
   968  0    7967.434          0.000          0.000
   969  0    7967.434          0.000          0.000
   970  0    7967.434          0.000          0.000
   971  0    7967.434          0.000          0.000
   972  0    7967.434          0.000          0.000
   973  0    7967.434          0.000          0.000
   974  0    7967.434          0.000          0.000
   975  0    7967.434          0.000          0.000
   976  0    7967.434          0.000          0.000
   977  0    7967.434          0.000          0.000
   978  0    7967.434          0.000          0.000
   979  0    7967.434          0.000          0.000
   980  0    7967.434          0.000          0.000
   981  0    7967.434          0.000          0.000
   982  0    7967.434          0.000          0.000
   983  0    7967.434          0.000          0.000
   984  0    7967.434          0.000          0.000
   985  0    7967.434          0.000          0.000
   986  0    7967.434          0.000          0.000
   987  0    7967.434          0.000          0.000
   988  0    7967.434          0.000          0.000
   989  0    7967.434       4024.639       2382.513
   990  0    7967.434          0.000          0.000
   991  0    7967.434          0.000          0.000
   992  0    7967.434          0.000          0.000
   993  0    7967.434          0.000          0.000
   994  0    7967.434          0.000          0.000
   995  0    7967.434          0.000          0.000
   996  0    7967.434          0.000          0.000
   997  0    7967.434          0.000          0.000
   998  0    7967.434          0.000          0.000
   999  0    7967.434          0.000          0.000
  1000  0    7967.434          0.000          0.000
  1001  0    7967.434          0.000          0.000
  1002  0    7967.434          0.000          0.000
  1003  0    7967.434          0.000          0.000
  1004  0    7967.434          0.000          0.000
  1005  0    7967.434          0.000          0.000
  1006  0    7967.434          0.000          0.000
  1007  0    7967.434          0.000          0.000
  1008  0    7967.434          0.000          0.000
  1009  0    7967.434          0.000          0.000
  1010  0    7967.434       7935.263       3493.479
  1011  0    7967.434          0.000          0.000
  1012  0    7967.434          0.000          0.000
  1013  0    7967.434          0.000          0.000
  1014  0    7967.434          0.000          0.000
  1015  0    7967.434          0.000          0.000
  1016  0    7967.434          0.000          0.000
  1017  0    7967.434          0.000          0.000
  1018  0    7967.434          0.000          0.000
  1019  0    7967.434          0.000          0.000
  1020  0    7967.434        225.105         94.581
  1021  0    7967.434          0.000          0.000
  1022  0    7967.434          0.000          0.000
  1023  0    7967.434          0.000          0.000
  1024  0    7967.434          0.000          0.000
  1025  0    7967.434          0.000          0.000
  1026  0    7967.434          0.000          0.000
  1027  0    7967.434          0.000          0.000
  1028  0    7967.434          0.000          0.000
  1029  0    7967.434          0.000          0.000
  1030  0    7967.434          0.000          0.000
  1031  0    7967.434          0.000          0.000
  1032  0    7967.434          0.000          0.000
  1033  0    7967.434          0.000          0.000
  1034  0    7967.434          0.000          0.000
  1035  0    7967.434          0.000          0.000
  1036  0    7967.434          0.000          0.000
  1037  0    7967.434          0.000          0.000
  1038  0    7967.434          0.000          0.000
  1039  0    7967.434          0.000          0.000
  1040  0    7967.434          0.000          0.000
  1041  0    7967.434          0.000          0.000
  1042  0    7967.434          0.000          0.000
  1043  0    7967.434          0.000          0.000
  1044  0    7967.434          0.000          0.000
  1045  0    7967.434          0.000          0.000
  1046  0    7967.434          0.000          0.000
  1047  0    7967.434          0.000          0.000
  1048  0    7967.434          0.000          0.000
  1049  0    7967.434          0.000          0.000
  1050  0    7967.434          0.000          0.000
  1051  0    7967.434          0.000          0.000
  1052  0    7967.434          0.000          0.000
  1053  0    7967.434          0.000          0.000
  1054  0    7967.434          0.000          0.000
  1055  0    7967.434          0.000          0.000
  1056  0    7967.434          0.000          0.000
  1057  0    7967.434          0.000          0.000
  1058  0    7967.434          0.000          0.000
  1059  0    7967.434          0.000          0.000
  1060  0    7967.434          0.000          0.000
  1061  0    7967.434          0.000          0.000
  1062  0    7967.434          0.000          0.000
  1063  0    7967.434          0.000          0.000
  1064  0    7967.434          0.000          0.000
  1065  0    7967.434          0.000          0.000
  1066  0    7967.434          0.000          0.000
  1067  0    7967.434          0.000          0.000
  1068  0    7967.434          0.000          0.000
  1069  0    7967.434          0.000          0.000
  1070  0    7967.434          0.000          0.000
  1071  0    7967.434          0.000          0.000
  1072  0    7967.434          0.000          0.000
  1073  0    7967.434          0.000          0.000
  1074  0    7967.434          0.000          0.000
  1075  0    7967.434          0.000          0.000
  1076  0    7967.434          0.000          0.000
  1077  0    7967.434          0.000          0.000
  1078  0    7967.434          0.000          0.000
  1079  0    7967.434          0.000          0.000
  1080  0    7967.434          0.000          0.000
  1081  0    7967.434          0.000          0.000
  1082  0    7967.434          0.000          0.000
  1083  0    7967.434          0.000          0.000
  1084  0    7967.434          0.000          0.000
  1085  0    7967.434          0.000          0.000
  1086  0    7967.434          0.000          0.000
  1087  0    7967.434          0.000          0.000
  1088  0    7967.434          0.000          0.000
  1089  0    7967.434          0.000          0.000
  1090  0    7967.434          0.000          0.000
  1091  0    7967.434          0.000          0.000
  1092  0    7967.434          0.000          0.000
  1093  0    7967.434          0.000          0.000
  1094  0    7967.434          0.000          0.000
  1095  0    7967.434          0.000          0.000
  1096  0    7967.434          0.000          0.000
  1097  0    7967.434          0.000          0.000
  1098  0    7967.434          0.000          0.000
  1099  0    7967.434          0.000          0.000
  1100  0    7967.434          0.000          0.000
  1101  0    7967.434          0.000          0.000
  1102  0    7967.434          0.000          0.000
  1103  0    7967.434          0.000          0.000
  1104  0    7967.434          0.000          0.000
  1105  0    7967.434          0.000          0.000
  1106  0    7967.434          0.000          0.000
  1107  0    7967.434          0.000          0.000
  1108  0    7967.434       2741.938       1169.091
  1109  0    7967.434          0.000          0.000
  1110  0    7967.434          0.000          0.000
  1111  0    7967.434          3.082          0.000
  1112  0    7967.434          0.000          0.000
  1113  0    7967.434          0.000          0.000
  1114  0    7967.434          0.000          0.000
  1115  0    7967.434          0.000          0.000
  1116  0    7967.434          0.000          0.000
  1117  0    7967.434          0.000          0.000
  1118  0    7967.434          0.000          0.000
  1119  0    7967.434          0.000          0.000
  1120  0    7967.434          0.000          0.000
  1121  0    7967.434         21.774          7.295
  1122  0    7967.434          0.000          0.000
  1123  0    7967.434          0.000          0.000
  1124  0    7967.434          0.000          0.000
  1125  0    7967.434          0.000          0.000
  1126  0    7967.434          0.000          0.000
  1127  0    7967.434          0.000          0.000
  1128  0    7967.434       6156.521       2689.118
  1129  0    7967.434          0.000          0.000
  1130  0    7967.434          0.000          0.000
  1131  0    7967.434          0.000          0.000
  1132  0    7967.434          0.000          0.000
  1133  0    7967.434          0.000          0.000
  1134  0    7967.434          0.000          0.000
  1135  0    7967.434          0.000          0.000
  1136  0    7967.434          0.000          0.000
  1137  0    7967.434          0.000          0.000
  1138  0    7967.434          0.000          0.000
  1139  0    7967.434       1322.226        563.266
  1140  0    7967.434          0.000          0.000
  1141  0    7967.434          0.000          0.000
  1142  0    7967.434          0.000          0.000
  1143  0    7967.434          0.000          0.000
  1144  0    7967.434          0.000          0.000
  1145  0    7967.434          0.000          0.000
  1146  0    7967.434          0.000          0.000
  1147  0    7967.434          0.000          0.000
  1148  0    7967.434          0.000          0.000
  1149  0    7967.434          0.000          0.000
  1150  0    7967.434          0.000          0.000
  1151  0    7967.434          0.000          0.000
  1152  0    7967.434          0.000          0.000
  1153  0    7967.434          0.000          0.000
  1154  0    7967.434          0.000          0.000
  1155  0    7967.434          0.000          0.000
  1156  0    7967.434          0.000          0.000
  1157  0    7967.434          0.000          0.000
  1158  0    7967.434          0.000          0.000
  1159  0    7967.434          0.000          0.000
  1160  0    7967.434          0.000          0.000
  1161  0    7967.434          0.000          0.000
  1162  0    7967.434          0.000          0.000
  1163  0    7967.434          0.000          0.000
  1164  0    7967.434          0.000          0.000
  1165  0    7967.434          0.000          0.000
  1166  0    7967.434          3.121          0.000
  1167  0    7967.434          0.000          0.000
  1168  0    7967.434          0.000          0.000
  1169  0    7967.434          0.000          0.000
  1170  0    7967.434          0.000          0.000
  1171  0    7967.434          0.000          0.000
  1172  0    7967.434          0.000          0.000
  1173  0    7967.434          0.000          0.000
  1174  0    7967.434          0.000          0.000
  1175  0    7967.434          0.000          0.000
  1176  0    7967.434          0.000          0.000
  1177  0    7967.434          0.000          0.000
  1178  0    7967.434          0.000          0.000
  1179  0    7967.434          0.000          0.000
  1180  0    7967.434          0.000          0.000
  1181  0    7967.434          0.000          0.000
  1182  0    7967.434          0.000          0.000
  1183  0    7967.434          0.000          0.000
  1184  0    7967.434          0.000          0.000
  1185  0    7967.434          0.000          0.000
  1186  0    7967.434          0.000          0.000
  1187  0    7967.434          0.000          0.000
  1188  0    7967.434          0.000          0.000
  1189  0    7967.434          0.000          0.000
  1190  0    7967.434          0.000          0.000
  1191  0    7967.434          0.000          0.000
  1192  0    7967.434          0.000          0.000
  1193  0    7967.434          0.000          0.000
  1194  0    7967.434          3.082          0.000
  1195  0    7967.434          0.000          0.000
  1196  0    7967.434          0.000          0.000
  1197  0    7967.434          0.000          0.000
  1198  0    7967.434          0.000          0.000
  1199  0    7967.434          0.000          0.000
  1200  0    7967.434          0.000          0.000
  1201  0    7967.434          0.000          0.000
  1202  0    7967.434          0.000          0.000
  1203  0    7967.434          0.000          0.000
  1204  0    7967.434        440.503        188.570
  1205  0    7967.434          0.000          0.000
  1206  0    7967.434          0.000          0.000
  1207  0    7967.434          0.000          0.000
  1208  0    7967.434          0.000          0.000
  1209  0    7967.434          0.000          0.000
  1210  0    7967.434          0.000          0.000
  1211  0    7967.434          0.000          0.000
  1212  0    7967.434          0.000          0.000
  1213  0    7967.434          0.000          0.000
  1214  0    7967.434         28.850         10.316
  1215  0    7967.434          0.000          0.000
  1216  0    7967.434          0.000          0.000
  1217  0    7967.434          0.000          0.000
  1218  0    7967.434          0.000          0.000
  1219  0    7967.434          0.000          0.000
  1220  0    7967.434          0.000          0.000
  1221  0    7967.434          0.000          0.000
  1222  0    7967.434          0.000          0.000
  1223  0    7967.434          0.000          0.000
  1224  0    7967.434          0.000          0.000
  1225  0    7967.434        191.640         81.186
  1226  0    7967.434          0.000          0.000
  1227  0    7967.434         92.827         39.214
  1228  0    7967.434          0.000          0.000
  1229  0    7967.434       1082.639        469.678
  1230  0    7967.434          0.000          0.000
  1231  0    7967.434          0.000          0.000
  1232  0    7967.434          0.000          0.000
  1233  0    7967.434          0.000          0.000
  1234  0    7967.434          0.000          0.000
  1235  0    7967.434          0.000          0.000
  1236  0    7967.434          0.000          0.000
  1237  0    7967.434          0.000          0.000
  1238  0    7967.434       2403.396       1032.830
  1239  0    7967.434          0.000          0.000
  1240  0    7967.434          0.000          0.000
  1241  0    7967.434          0.000          0.000
  1242  0    7967.434          0.000          0.000
  1243  0    7967.434          0.000          0.000
  1244  0    7967.434          0.000          0.000
  1245  0    7967.434          0.000          0.000
  1246  0    7967.434          0.000          0.000
  1247  0    7967.434          0.000          0.000
  1248  0    7967.434          0.000          0.000
  1249  0    7967.434          0.000          0.000
  1250  0    7967.434          0.000          0.000
  1251  0    7967.434          0.000          0.000
  1252  0    7967.434          0.000          0.000
  1253  0    7967.434          0.000          0.000
  1254  0    7967.434       1160.153        481.483
  1255  0    7967.434          0.000          0.000
  1256  0    7967.434          0.000          0.000
  1257  0    7967.434          0.000          0.000
  1258  0    7967.434          0.000          0.000
  1259  0    7967.434          0.000          0.000
  1260  0    7967.434       2245.135        951.621
  1261  0    7967.434          0.000          0.000
  1262  0    7967.434          0.000          0.000
  1263  0    7967.434          0.000          0.000
  1264  0    7967.434          0.000          0.000
  1265  0    7967.434          0.000          0.000
  1266  0    7967.434          0.000          0.000
  1267  0    7967.434          0.000          0.000
  1268  0    7967.434          0.000          0.000
  1269  0    7967.434          0.000          0.000
  1270  0    7967.434          0.000          0.000
  1271  0    7967.434          0.000          0.000
  1272  0    7967.434       5903.646       2611.209
  1273  0    7967.434          0.000          0.000
  1274  0    7967.434          0.000          0.000
  1275  0    7967.434        555.277        236.547
  1276  0    7967.434          0.000          0.000
  1277  0    7967.434          0.000          0.000
  1278  0    7967.434          0.000          0.000
  1279  0    7967.434          0.000          0.000
  1280  0    7967.434          0.000          0.000
  1281  0    7967.434        180.866         75.654
  1282  0    7967.434          0.000          0.000
  1283  0    7967.434          0.000          0.000
  1284  0    7967.434          0.000          0.000
  1285  0    7967.434          0.000          0.000
  1286  0    7967.434          0.000          0.000
  1287  0    7967.434          0.000          0.000
  1288  0    7967.434          0.000          0.000
  1289  0    7967.434          0.000          0.000
  1290  0    7967.434          0.000          0.000
  1291  0    7967.434       2222.148        963.951
  1292  0    7967.434          0.000          0.000
  1293  0    7967.434          0.000          0.000
  1294  0    7967.434          0.000          0.000
  1295  0    7967.434          0.000          0.000
  1296  0    7967.434      18035.988       8098.979
  1297  0    7967.434          0.000          0.000
  1298  0    7967.434       4759.985       2098.506
  1299  0    7967.434          0.000          0.000
  1300  0    7967.434       6064.026       2598.506
  1301  0    7967.434          0.000          0.000
  1302  0    7967.434          0.000          0.000
  1303  0    7967.434        494.959        196.125
  1304  0    7967.434          0.000          0.000
  1305  0    7967.434          0.000          0.000
  1306  0    7967.434          0.000          0.000
  1307  0    7967.434          0.000          0.000
  1308  0    7967.434          0.000          0.000
  1309  0    7967.434          0.000          0.000
  1310  0    7967.434          0.000          0.000
  1311  0    7967.434       2729.884       1178.404
  1312  0    7967.434          0.000          0.000
  1313  0    7967.434          0.000          0.000
  1314  0    7967.434          0.000          0.000
  1315  0    7967.434          0.000          0.000
  1316  0    7967.434       8466.406       3845.180
  1317  0    7967.434          0.000          0.000
  1318  0    7967.434        403.886        172.521
  1319  0    7967.434          0.000          0.000
  1320  0    7967.434          0.000          0.000
  1321  0    7967.434          0.000          0.000
  1322  0    7967.434          0.000          0.000
  1323  0    7967.434          0.000          0.000
  1324  0    7967.434          0.000          0.000
  1325  0    7967.434          0.000          0.000
  1326  0    7967.434          0.000          0.000
  1327  0    7967.434         55.857         20.787
  1328  0    7967.434          0.000          0.000
  1329  0    7967.434          0.000          0.000
  1330  0    7967.434          0.000          0.000
  1331  0    7967.434       2299.982        986.471
  1332  0    7967.434          0.000          0.000
  1333  0    7967.434          0.000          0.000
  1334  0    7967.434          0.000          0.000
  1335  0    7967.434          0.000          0.000
  1336  0    7967.434          0.000          0.000
  1337  0    7967.434          0.000          0.000
  1338  0    7967.434          0.000          0.000
  1339  0    7967.434          0.000          0.000
  1340  0    7967.434          0.000          0.000
  1341  0    7967.434          0.000          0.000
  1342  0    7967.434          0.000          0.000
  1343  0    7967.434          0.000          0.000
  1344  0    7967.434          0.000          0.000
  1345  0    7967.434          0.000          0.000
  1346  0    7967.434          0.000          0.000
  1347  0    7967.434          0.000          0.000
  1348  0    7967.434          0.000          0.000
  1349  0    7967.434          0.000          0.000
  1350  0    7967.434          0.000          0.000
  1351  0    7967.434          0.000          0.000
  1352  0    7967.434          0.000          0.000
  1353  0    7967.434          0.000          0.000
  1354  0    7967.434          0.000          0.000
  1355  0    7967.434          0.000          0.000
  1356  0    7967.434          0.000          0.000
  1357  0    7967.434          0.000          0.000
  1358  0    7967.434          0.000          0.000
  1359  0    7967.434          0.000          0.000
  1360  0    7967.434          0.000          0.000
  1361  0    7967.434          0.000          0.000
  1362  0    7967.434          0.000          0.000
  1363  0    7967.434          0.000          0.000
  1364  0    7967.434          0.000          0.000
  1365  0    7967.434          0.000          0.000
  1366  0    7967.434          0.000          0.000
  1367  0    7967.434          0.000          0.000
  1368  0    7967.434          0.000          0.000
  1369  0    7967.434          0.000          0.000
  1370  0    7967.434          0.000          0.000
  1371  0    7967.434          0.000          0.000
  1372  0    7967.434          0.000          0.000
  1373  0    7967.434          0.000          0.000
  1374  0    7967.434          0.000          0.000
  1375  0    7967.434        230.640         92.406
  1376  0    7967.434          0.000          0.000
  1377  0    7967.434          0.000          0.000
  1378  0    7967.434          0.000          0.000
  1379  0    7967.434          0.000          0.000
  1380  0    7967.434          0.000          0.000
  1381  0    7967.434          0.000          0.000
  1382  0    7967.434          0.000          0.000
  1383  0    7967.434          0.000          0.000
  1384  0    7967.434          0.000          0.000
  1385  0    7967.434          0.000          0.000
  1386  0    7967.434          0.000          0.000
  1387  0    7967.434          0.000          0.000
  1388  0    7967.434          0.000          0.000
  1389  0    7967.434          0.000          0.000
  1390  0    7967.434          0.000          0.000
  1391  0    7967.434          0.000          0.000
  1392  0    7967.434          0.000          0.000
  1393  0    7967.434          0.000          0.000
  1394  0    7967.434          0.000          0.000
  1395  0    7967.434          0.000          0.000
  1396  0    7967.434          0.000          0.000
  1397  0    7967.434          0.000          0.000
  1398  0    7967.434          0.000          0.000
  1399  0    7967.434          0.000          0.000
  1400  0    7967.434          0.000          0.000
  1401  0    7967.434          0.000          0.000
  1402  0    7967.434          0.000          0.000
  1403  0    7967.434          0.000          0.000
  1404  0    7967.434          0.000          0.000
  1405  0    7967.434          0.000          0.000
  1406  0    7967.434          0.000          0.000
  1407  0    7967.434          0.000          0.000
  1408  0    7967.434          0.000          0.000
  1409  0    7967.434          0.000          0.000
  1410  0    7967.434          0.000          0.000
  1411  0    7967.434          0.000          0.000
  1412  0    7967.434          0.000          0.000
  1413  0    7967.434          0.000          0.000
  1414  0    7967.434          0.000          0.000
  1415  0    7967.434          0.000          0.000
  1416  0    7967.434          0.000          0.000
  1417  0    7967.434          0.000          0.000
  1418  0    7967.434          0.000          0.000
  1419  0    7967.434          0.000          0.000
  1420  0    7967.434          0.000          0.000
  1421  0    7967.434          0.000          0.000
  1422  0    7967.434          0.000          0.000
  1423  0    7967.434          0.000          0.000
  1424  0    7967.434          0.000          0.000
  1425  0    7967.434          0.000          0.000
  1426  0    7967.434          0.000          0.000
  1427  0    7967.434          0.000          0.000
  1428  0    7967.434          0.000          0.000
  1429  0    7967.434          0.000          0.000
  1430  0    7967.434          0.000          0.000
  1431  0    7967.434          0.000          0.000
  1432  0    7967.434          0.000          0.000
  1433  0    7967.434          0.000          0.000
  1434  0    7967.434          0.000          0.000
  1435  0    7967.434          0.000          0.000
  1436  0    7967.434          0.000          0.000
  1437  0    7967.434          0.000          0.000
  1438  0    7967.434          0.000          0.000
  1439  0    7967.434          0.000          0.000
  1440  0    7967.434          0.000          0.000
  1441  0    7967.434          0.000          0.000
  1442  0    7967.434          0.000          0.000
  1443  0    7967.434          0.000          0.000
  1444  0    7967.434          0.000          0.000
  1445  0    7967.434          0.000          0.000
  1446  0    7967.434          0.000          0.000
  1447  0    7967.434          0.000          0.000
  1448  0    7967.434          0.000          0.000
  1449  0    7967.434          1.553          0.000
  1450  0    7967.434          0.000          0.000
  1451  0    7967.434          0.000          0.000
  1452  0    7967.434          0.000          0.000
  1453  0    7967.434          0.000          0.000
  1454  0    7967.434          0.000          0.000
  1455  0    7967.434          0.000          0.000
  1456  0    7967.434          0.000          0.000
  1457  0    7967.434          0.000          0.000
  1458  0    7967.434          0.000          0.000
  1459  0    7967.434          0.000          0.000
  1460  0    7967.434          0.000          0.000
  1461  0    7967.434          0.000          0.000
  1462  0    7967.434          0.000          0.000
  1463  0    7967.434          0.000          0.000
  1464  0    7967.434          0.000          0.000
  1465  0    7967.434          0.000          0.000
  1466  0    7967.434          0.000          0.000
  1467  0    7967.434          0.000          0.000
  1468  0    7967.434          0.000          0.000
  1469  0    7967.434          0.000          0.000
  1470  0    7967.434          0.000          0.000
  1471  0    7967.434          0.000          0.000
  1472  0    7967.434          0.000          0.000
  1473  0    7967.434          0.000          0.000
  1474  0    7967.434          0.000          0.000
  1475  0    7967.434          0.000          0.000
  1476  0    7967.434          0.000          0.000
  1477  0    7967.434          0.000          0.000
  1478  0    7967.434          0.000          0.000
  1479  0    7967.434          0.000          0.000
  1480  0    7967.434          0.000          0.000
  1481  0    7967.434          0.000          0.000
  1482  0    7967.434          0.000          0.000
  1483  0    7967.434          0.000          0.000
  1484  0    7967.434          0.000          0.000
  1485  0    7967.434          0.000          0.000
  1486  0    7967.434          0.000          0.000
  1487  0    7967.434          0.000          0.000
  1488  0    7967.434          0.000          0.000
  1489  0    7967.434          0.000          0.000
  1490  0    7967.434          0.000          0.000
  1491  0    7967.434          0.000          0.000
  1492  0    7967.434          0.000          0.000
  1493  0    7967.434          0.000          0.000
  1494  0    7967.434          0.000          0.000
  1495  0    7967.434          0.000          0.000
  1496  0    7967.434          0.000          0.000
  1497  0    7967.434          0.000          0.000
  1498  0    7967.434          0.000          0.000
  1499  0    7967.434          0.000          0.000
  1500  0    7967.434          0.000          0.000
  1501  0    7967.434          0.000          0.000
  1502  0    7967.434          0.000          0.000
  1503  0    7967.434          0.000          0.000
  1504  0    7967.434          0.000          0.000
  1505  0    7967.434          0.000          0.000
  1506  0    7967.434          0.000          0.000
  1507  0    7967.434          0.000          0.000
  1508  0    7967.434          0.000          0.000
  1509  0    7967.434          0.000          0.000
  1510  0    7967.434          0.000          0.000
  1511  0    7967.434          0.000          0.000
  1512  0    7967.434          0.000          0.000
  1513  0    7967.434          0.000          0.000
  1514  0    7967.434          0.000          0.000
  1515  0    7967.434          0.000          0.000
  1516  0    7967.434          0.000          0.000
  1517  0    7967.434          0.000          0.000
  1518  0    7967.434          0.000          0.000
  1519  0    7967.434          0.000          0.000
  1520  0    7967.434          0.000          0.000
  1521  0    7967.434          0.000          0.000
  1522  0    7967.434          0.000          0.000
  1523  0    7967.434          0.000          0.000
  1524  0    7967.434          0.000          0.000
  1525  0    7967.434          0.000          0.000
  1526  0    7967.434          0.000          0.000
  1527  0    7967.434          0.000          0.000
  1528  0    7967.434          0.000          0.000
  1529  0    7967.434       2813.284       1227.320
  1530  0    7967.434          0.000          0.000
  1531  0    7967.434          0.000          0.000
  1532  0    7967.434          0.000          0.000
  1533  0    7967.434          0.000          0.000
  1534  0    7967.434          0.000          0.000
  1535  0    7967.434          0.000          0.000
  1536  0    7967.434          0.000          0.000
  1537  0    7967.434          0.000          0.000
  1538  0    7967.434          0.000          0.000
  1539  0    7967.434          0.000          0.000
  1540  0    7967.434          0.000          0.000
  1541  0    7967.434          0.000          0.000
  1542  0    7967.434          0.000          0.000
  1543  0    7967.434          0.000          0.000
  1544  0    7967.434          0.000          0.000
  1545  0    7967.434          0.000          0.000
  1546  0    7967.434          0.000          0.000
  1547  0    7967.434          0.000          0.000
  1548  0    7967.434          0.000          0.000
  1549  0    7967.434          0.000          0.000
  1550  0    7967.434          0.000          0.000
  1551  0    7967.434       4712.852       2038.282
  1552  0    7967.434          0.000          0.000
  1553  0    7967.434          0.000          0.000
  1554  0    7967.434       9637.505       4286.140
  1555  0    7967.434          0.000          0.000
  1556  0    7967.434       4576.124       1976.431
  1557  0    7967.434          0.000          0.000
  1558  0    7967.434          0.000          0.000
  1559  0    7967.434          0.000          0.000
  1560  0    7967.434          0.000          0.000
  1561  0    7967.434          0.000          0.000
  1562  0    7967.434          0.000          0.000
  1563  0    7967.434        252.700         92.548
  1564  0    7967.434          0.000          0.000
  1565  0    7967.434          0.000          0.000
  1566  0    7967.434          0.000          0.000
  1567  0    7967.434          0.000          0.000
  1568  0    7967.434          0.000          0.000
  1569  0    7967.434          0.000          0.000
  1570  0    7967.434       1364.703        569.875
  1571  0    7967.434          0.000          0.000
  1572  0    7967.434          0.000          0.000
  1573  0    7967.434          0.000          0.000
  1574  0    7967.434          0.000          0.000
  1575  0    7967.434          0.000          0.000
  1576  0    7967.434          0.000          0.000
  1577  0    7967.434          0.000          0.000
  1578  0    7967.434          0.000          0.000
  1579  0    7967.434        939.624        419.586
  1580  0    7967.434          0.000          0.000
  1581  0    7967.434          0.000          0.000
  1582  0    7967.434          0.000          0.000
  1583  0    7967.434          0.000          0.000
  1584  0    7967.434          0.000          0.000
  1585  0    7967.434          0.000          0.000
  1586  0    7967.434          0.000          0.000
  1587  0    7967.434       7895.286       3678.278
  1588  0    7967.434          0.000          0.000
  1589  0    7967.434          0.000          0.000
  1590  0    7967.434          0.000          0.000
  1591  0    7967.434          0.000          0.000
  1592  0    7967.434          0.000          0.000
  1593  0    7967.434          0.000          0.000
  1594  0    7967.434       2963.394       1265.047
  1595  0    7967.434      13634.502       5808.273
  1596  0    7967.434          0.000          0.000
  1597  0    7967.434       6983.092       3065.719
  1598  0    7967.434          0.000          0.000
  1599  0    7967.434      11023.439       4805.787
  1600  0    7967.434          0.000          0.000
  1601  0    7967.434          0.000          0.000
  1602  0    7967.434          0.000          0.000
  1603  0    7967.434          0.000          0.000
  1604  0    7967.434          0.000          0.000
  1605  0    7967.434       9751.547       4352.615
  1606  0    7967.434       8621.389       3822.614
  1607  0    7967.434          0.000          0.000
  1608  0    7967.434          0.000          0.000
  1609  0    7967.434          0.000          0.000
  1610  0    7967.434          0.000          0.000
  1611  0    7967.434          0.000          0.000
  1612  0    7967.434          0.000          0.000
  1613  0    7967.434          0.000          0.000
  1614  0    7967.434          0.000          0.000
  1615  0    7967.434          0.000          0.000
  1616  0    7967.434          0.000          0.000
  1617  0    7967.434          0.000          0.000
  1618  0    7967.434          0.000          0.000
  1619  0    7967.434          0.000          0.000
  1620  0    7967.434          0.000          0.000
  1621  0    7967.434          0.000          0.000
  1622  0    7967.434          0.000          0.000
  1623  0    7967.434          0.000          0.000
  1624  0    7967.434          0.000          0.000
  1625  0    7967.434          0.000          0.000
  1626  0    7967.434       4443.451       1892.902
  1627  0    7967.434          0.000          0.000
  1628  0    7967.434          0.000          0.000
  1629  0    7967.434       9571.661       4246.554
  1630  0    7967.434          0.000          0.000
  1631  0    7967.434          0.000          0.000
  1632  0    7967.434          0.000          0.000
  1633  0    7967.434          0.000          0.000
  1634  0    7967.434          0.000          0.000
  1635  0    7967.434        870.391        363.989
  1636  0    7967.434          0.000          0.000
  1637  0    7967.434          0.000          0.000
  1638  0    7967.434          0.000          0.000
  1639  0    7967.434          0.000          0.000
  1640  0    7967.434          0.000          0.000
  1641  0    7967.434          0.000          0.000
  1642  0    7967.434        476.804        194.684
  1643  0    7967.434          0.000          0.000
  1644  0    7967.434          0.000          0.000
  1645  0    7967.434          0.000          0.000
  1646  0    7967.434          0.000          0.000
  1647  0    7967.434          0.000          0.000
  1648  0    7967.434          0.000          0.000
  1649  0    7967.434          0.000          0.000
  1650  0    7967.434          0.000          0.000
  1651  0    7967.434       5817.972       2533.367
  1652  0    7967.434          0.000          0.000
  1653  0    7967.434          0.000          0.000
  1654  0    7967.434          0.000          0.000
  1655  0    7967.434          0.000          0.000
  1656  0    7967.434          0.000          0.000
  1657  0    7967.434          0.000          0.000
  1658  0    7967.434          0.000          0.000
  1659  0    7967.434          0.000          0.000
  1660  0    7967.434       7464.245       3280.698
  1661  0    7967.434          0.000          0.000
  1662  0    7967.434          0.000          0.000
  1663  0    7967.434          0.000          0.000
  1664  0    7967.434          0.000          0.000
  1665  0    7967.434          0.000          0.000
  1666  0    7967.434          0.000          0.000
  1667  0    7967.434          0.000          0.000
  1668  0    7967.434          0.000          0.000
  1669  0    7967.434          0.000          0.000
  1670  0    7967.434          0.000          0.000
  1671  0    7967.434          0.000          0.000
  1672  0    7967.434          0.000          0.000
  1673  0    7967.434          0.000          0.000
  1674  0    7967.434          0.000          0.000
  1675  0    7967.434          0.000          0.000
  1676  0    7967.434          0.000          0.000
  1677  0    7967.434          0.000          0.000
  1678  0    7967.434          0.000          0.000
  1679  0    7967.434          0.000          0.000
  1680  0    7967.434          0.000          0.000
  1681  0    7967.434          0.000          0.000
  1682  0    7967.434          0.000          0.000
  1683  0    7967.434       3675.813       1569.012
  1684  0    7967.434          0.000          0.000
  1685  0    7967.434          0.000          0.000
  1686  0    7967.434          0.000          0.000
  1687  0    7967.434          0.000          0.000
  1688  0    7967.434          0.000          0.000
  1689  0    7967.434          0.000          0.000
  1690  0    7967.434          0.000          0.000
  1691  0    7967.434          0.000          0.000
  1692  0    7967.434         21.432          0.002
  1693  0    7967.434          0.000          0.000
  1694  0    7967.434          0.000          0.000