3.200000e+01
6.300000e+01
9.300000e+01
1.220000e+02
1.500000e+02
1.770000e+02
2.030000e+02
2.280000e+02
2.520000e+02
2.750000e+02
2.970000e+02
3.180000e+02
3.380000e+02
3.570000e+02
3.750000e+02
3.920000e+02
4.080000e+02
4.230000e+02
4.370000e+02
4.500000e+02
4.620000e+02
4.730000e+02
4.830000e+02
4.920000e+02
5.000000e+02
5.070000e+02
5.130000e+02
5.180000e+02
5.220000e+02
5.250000e+02
5.270000e+02
5.280000e+02
5.280000e+02
5.270000e+02
5.250000e+02
5.220000e+02
5.180000e+02
5.130000e+02
5.070000e+02
5.000000e+02
4.920000e+02
4.830000e+02
4.730000e+02
4.620000e+02
4.500000e+02
4.370000e+02
4.230000e+02
4.080000e+02
3.920000e+02
3.750000e+02
3.570000e+02
3.380000e+02
3.180000e+02
2.970000e+02
2.750000e+02
2.520000e+02
2.280000e+02
2.030000e+02
1.770000e+02
1.500000e+02
1.220000e+02
9.300000e+01
6.300000e+01
3.200000e+01
