64 64 190
0 0 2.000000e+00
0 1 -1.000000e+00
1 0 -1.000000e+00
1 1 2.000000e+00
1 2 -1.000000e+00
2 1 -1.000000e+00
2 2 2.000000e+00
2 3 -1.000000e+00
3 2 -1.000000e+00
3 3 2.000000e+00
3 4 -1.000000e+00
4 3 -1.000000e+00
4 4 2.000000e+00
4 5 -1.000000e+00
5 4 -1.000000e+00
5 5 2.000000e+00
5 6 -1.000000e+00
6 5 -1.000000e+00
6 6 2.000000e+00
6 7 -1.000000e+00
7 6 -1.000000e+00
7 7 2.000000e+00
7 8 -1.000000e+00
8 7 -1.000000e+00
8 8 2.000000e+00
8 9 -1.000000e+00
9 8 -1.000000e+00
9 9 2.000000e+00
9 10 -1.000000e+00
10 9 -1.000000e+00
10 10 2.000000e+00
10 11 -1.000000e+00
11 10 -1.000000e+00
11 11 2.000000e+00
11 12 -1.000000e+00
12 11 -1.000000e+00
12 12 2.000000e+00
12 13 -1.000000e+00
13 12 -1.000000e+00
13 13 2.000000e+00
13 14 -1.000000e+00
14 13 -1.000000e+00
14 14 2.000000e+00
14 15 -1.000000e+00
15 14 -1.000000e+00
15 15 2.000000e+00
15 16 -1.000000e+00
16 15 -1.000000e+00
16 16 2.000000e+00
16 17 -1.000000e+00
17 16 -1.000000e+00
17 17 2.000000e+00
17 18 -1.000000e+00
18 17 -1.000000e+00
18 18 2.000000e+00
18 19 -1.000000e+00
19 18 -1.000000e+00
19 19 2.000000e+00
19 20 -1.000000e+00
20 19 -1.000000e+00
20 20 2.000000e+00
20 21 -1.000000e+00
21 20 -1.000000e+00
21 21 2.000000e+00
21 22 -1.000000e+00
22 21 -1.000000e+00
22 22 2.000000e+00
22 23 -1.000000e+00
23 22 -1.000000e+00
23 23 2.000000e+00
23 24 -1.000000e+00
24 23 -1.000000e+00
24 24 2.000000e+00
24 25 -1.000000e+00
25 24 -1.000000e+00
25 25 2.000000e+00
25 26 -1.000000e+00
26 25 -1.000000e+00
26 26 2.000000e+00
26 27 -1.000000e+00
27 26 -1.000000e+00
27 27 2.000000e+00
27 28 -1.000000e+00
28 27 -1.000000e+00
28 28 2.000000e+00
28 29 -1.000000e+00
29 28 -1.000000e+00
29 29 2.000000e+00
29 30 -1.000000e+00
30 29 -1.000000e+00
30 30 2.000000e+00
30 31 -1.000000e+00
31 30 -1.000000e+00
31 31 2.000000e+00
31 32 -1.000000e+00
32 31 -1.000000e+00
32 32 2.000000e+00
32 33 -1.000000e+00
33 32 -1.000000e+00
33 33 2.000000e+00
33 34 -1.000000e+00
34 33 -1.000000e+00
34 34 2.000000e+00
34 35 -1.000000e+00
35 34 -1.000000e+00
35 35 2.000000e+00
35 36 -1.000000e+00
36 35 -1.000000e+00
36 36 2.000000e+00
36 37 -1.000000e+00
37 36 -1.000000e+00
37 37 2.000000e+00
37 38 -1.000000e+00
38 37 -1.000000e+00
38 38 2.000000e+00
38 39 -1.000000e+00
39 38 -1.000000e+00
39 39 2.000000e+00
39 40 -1.000000e+00
40 39 -1.000000e+00
40 40 2.000000e+00
40 41 -1.000000e+00
41 40 -1.000000e+00
41 41 2.000000e+00
41 42 -1.000000e+00
42 41 -1.000000e+00
42 42 2.000000e+00
42 43 -1.000000e+00
43 42 -1.000000e+00
43 43 2.000000e+00
43 44 -1.000000e+00
44 43 -1.000000e+00
44 44 2.000000e+00
44 45 -1.000000e+00
45 44 -1.000000e+00
45 45 2.000000e+00
45 46 -1.000000e+00
46 45 -1.000000e+00
46 46 2.000000e+00
46 47 -1.000000e+00
47 46 -1.000000e+00
47 47 2.000000e+00
47 48 -1.000000e+00
48 47 -1.000000e+00
48 48 2.000000e+00
48 49 -1.000000e+00
49 48 -1.000000e+00
49 49 2.000000e+00
49 50 -1.000000e+00
50 49 -1.000000e+00
50 50 2.000000e+00
50 51 -1.000000e+00
51 50 -1.000000e+00
51 51 2.000000e+00
51 52 -1.000000e+00
52 51 -1.000000e+00
52 52 2.000000e+00
52 53 -1.000000e+00
53 52 -1.000000e+00
53 53 2.000000e+00
53 54 -1.000000e+00
54 53 -1.000000e+00
54 54 2.000000e+00
54 55 -1.000000e+00
55 54 -1.000000e+00
55 55 2.000000e+00
55 56 -1.000000e+00
56 55 -1.000000e+00
56 56 2.000000e+00
56 57 -1.000000e+00
57 56 -1.000000e+00
57 57 2.000000e+00
57 58 -1.000000e+00
58 57 -1.000000e+00
58 58 2.000000e+00
58 59 -1.000000e+00
59 58 -1.000000e+00
59 59 2.000000e+00
59 60 -1.000000e+00
60 59 -1.000000e+00
60 60 2.000000e+00
60 61 -1.000000e+00
61 60 -1.000000e+00
61 61 2.000000e+00
61 62 -1.000000e+00
62 61 -1.000000e+00
62 62 2.000000e+00
62 63 -1.000000e+00
63 62 -1.000000e+00
63 63 2.000000e+00
