 -5.000000000000e-03
 -0.000000000000e+00
 -0.000000000000e+00
 -0.000000000000e+00
 -0.000000000000e+00
 -0.000000000000e+00
 -0.000000000000e+00
 -0.000000000000e+00
 -0.000000000000e+00
 -0.000000000000e+00
 -0.000000000000e+00
 -0.000000000000e+00
 -0.000000000000e+00
 -0.000000000000e+00
 -0.000000000000e+00
 -0.000000000000e+00
 -0.000000000000e+00
 -0.000000000000e+00
 -4.000000189990e-06
 -1.999999955297e-04
 -0.000000000000e+00
 -9.999999776483e-05
 -0.000000000000e+00
 -0.000000000000e+00
 -1.000000014901e-03
 -0.000000000000e+00
 -0.000000000000e+00
 -0.000000000000e+00
 -0.000000000000e+00
 -0.000000000000e+00
 -0.000000000000e+00
 -0.000000000000e+00
 -0.000000000000e+00
 -0.000000000000e+00
 -0.000000000000e+00
 -0.000000000000e+00
 -0.000000000000e+00
 -0.000000000000e+00
 -0.000000000000e+00
 -0.000000000000e+00
 -0.000000000000e+00
 -0.000000000000e+00
 -9.999999776483e-05
 -0.000000000000e+00
 -9.999999776483e-05
 -0.000000000000e+00
 -0.000000000000e+00
 -9.999999776483e-05
 -0.000000000000e+00
 -0.000000000000e+00
 -1.999999955297e-04
 -0.000000000000e+00
 -0.000000000000e+00
 -0.000000000000e+00
 -0.000000000000e+00
 -0.000000000000e+00
 -0.000000000000e+00
 -0.000000000000e+00
 -0.000000000000e+00
 -0.000000000000e+00
 -0.000000000000e+00
 -0.000000000000e+00
 -0.000000000000e+00
 -0.000000000000e+00
 -2.999999932945e-04
 -1.999999955297e-04
 -1.999999955297e-04
 -0.000000000000e+00
 -1.000000000000e-02
 -0.000000000000e+00
 -0.000000000000e+00
 -0.000000000000e+00
 -0.000000000000e+00
 -0.000000000000e+00
 -0.000000000000e+00
 -0.000000000000e+00
