76 76 232
0 0   2.746730703880e+02
0 1  -9.155769012935e+01
0 38  -9.155769012935e+01
0 56  -9.155769012935e+01
1 0  -9.155769012935e+01
1 1   1.871137808388e+02
1 2  -9.155769012935e+01
1 5  -1.999200290030e+00
1 53  -1.999200290030e+00
2 1  -9.155769012935e+01
2 2   2.031073831590e+02
2 3  -9.155769012935e+01
2 75  -1.999200290030e+01
3 2  -9.155769012935e+01
3 3   9.355689041938e+01
3 4  -1.999200290030e+00
4 3  -1.999200290030e+00
4 4   3.913648712882e+01
4 6  -1.856864341940e+01
4 11  -1.856864341940e+01
5 1  -1.999200290030e+00
5 5   3.913648712882e+01
5 28  -1.856864341940e+01
5 33  -1.856864341940e+01
6 4  -1.856864341940e+01
6 6   3.713728683880e+01
6 7  -1.856864341940e+01
7 6  -1.856864341940e+01
7 7   3.715727884199e+01
7 8  -1.856864341940e+01
7 22  -1.999200319820e-02
8 7  -1.856864341940e+01
8 8   3.713728683880e+01
8 51  -1.856864341940e+01
9 9   3.713728683880e+01
9 10  -1.856864341940e+01
9 51  -1.856864341940e+01
10 9  -1.856864341940e+01
10 10   1.858863542260e+01
10 25  -1.999200319820e-02
11 4  -1.856864341940e+01
11 11   3.713728683880e+01
11 12  -1.856864341940e+01
12 11  -1.856864341940e+01
12 12   3.713728683880e+01
12 13  -1.856864341940e+01
13 12  -1.856864341940e+01
13 13   3.715727884199e+01
13 16  -1.999200319820e-02
13 52  -1.856864341940e+01
14 14   1.956824356441e+01
14 52  -1.856864341940e+01
14 67  -9.996001450148e-01
15 15   5.159955266233e+01
15 17  -1.999200319820e-02
15 68  -5.157956065913e+01
16 13  -1.999200319820e-02
16 16   2.943038061068e-02
16 18  -9.438377412481e-03
17 15  -1.999200319820e-02
17 17   2.943038061068e-02
17 20  -9.438377412481e-03
18 16  -9.438377412481e-03
18 18   1.887675482496e-02
18 19  -9.438377412481e-03
19 18  -9.438377412481e-03
19 19   9.438377412481e-03
20 17  -9.438377412481e-03
20 20   1.887675482496e-02
20 21  -9.438377412481e-03
21 20  -9.438377412481e-03
21 21   9.438377412481e-03
22 7  -1.999200319820e-02
22 22   2.943038061068e-02
22 23  -9.438377412481e-03
23 22  -9.438377412481e-03
23 23   1.887675482496e-02
23 24  -9.438377412481e-03
24 23  -9.438377412481e-03
24 24   9.438377412481e-03
25 10  -1.999200319820e-02
25 25   2.943038061068e-02
25 26  -9.438377412481e-03
26 25  -9.438377412481e-03
26 26   1.887675482496e-02
26 27  -9.438377412481e-03
27 26  -9.438377412481e-03
27 27   9.438377412481e-03
28 5  -1.856864341940e+01
28 28   3.713728683880e+01
28 29  -1.856864341940e+01
29 28  -1.856864341940e+01
29 29   3.715727884199e+01
29 30  -1.856864341940e+01
29 45  -1.999200319820e-02
30 29  -1.856864341940e+01
30 30   3.713728683880e+01
30 31  -1.856864341940e+01
31 30  -1.856864341940e+01
31 31   3.713728683880e+01
31 32  -1.856864341940e+01
32 31  -1.856864341940e+01
32 32   1.858863542260e+01
32 48  -1.999200319820e-02
33 5  -1.856864341940e+01
33 33   3.713728683880e+01
33 34  -1.856864341940e+01
34 33  -1.856864341940e+01
34 34   3.715727884199e+01
34 35  -1.856864341940e+01
34 39  -1.999200319820e-02
35 34  -1.856864341940e+01
35 35   3.713728683880e+01
35 36  -1.856864341940e+01
36 35  -1.856864341940e+01
36 36   3.713728683880e+01
36 37  -1.856864341940e+01
37 36  -1.856864341940e+01
37 37   1.858863542260e+01
37 40  -1.999200319820e-02
38 0  -9.155769012935e+01
38 38   2.031073831590e+02
38 56  -9.155769012935e+01
38 74  -1.999200290030e+01
39 34  -1.999200319820e-02
39 39   2.943038061068e-02
39 41  -9.438377412481e-03
40 37  -1.999200319820e-02
40 40   2.943038061068e-02
40 43  -9.438377412481e-03
41 39  -9.438377412481e-03
41 41   1.887675482496e-02
41 42  -9.438377412481e-03
42 41  -9.438377412481e-03
42 42   9.438377412481e-03
43 40  -9.438377412481e-03
43 43   1.887675482496e-02
43 44  -9.438377412481e-03
44 43  -9.438377412481e-03
44 44   9.438377412481e-03
45 29  -1.999200319820e-02
45 45   2.943038061068e-02
45 46  -9.438377412481e-03
46 45  -9.438377412481e-03
46 46   1.887675482496e-02
46 47  -9.438377412481e-03
47 46  -9.438377412481e-03
47 47   9.438377412481e-03
48 32  -1.999200319820e-02
48 48   2.943038061068e-02
48 49  -9.438377412481e-03
49 48  -9.438377412481e-03
49 49   1.887675482496e-02
49 50  -9.438377412481e-03
50 49  -9.438377412481e-03
50 50   9.438377412481e-03
51 8  -1.856864341940e+01
51 9  -1.856864341940e+01
51 51   3.713728683880e+01
52 13  -1.856864341940e+01
52 14  -1.856864341940e+01
52 52   3.713728683880e+01
53 1  -1.999200290030e+00
53 53   5.770513054822e+01
53 54  -1.856864341940e+01
53 55  -1.856864341940e+01
53 57  -1.856864341940e+01
54 53  -1.856864341940e+01
54 54   3.713728683880e+01
54 58  -1.856864341940e+01
55 53  -1.856864341940e+01
55 55   3.713728683880e+01
55 59  -1.856864341940e+01
56 0  -9.155769012935e+01
56 38  -9.155769012935e+01
56 56   2.031073831590e+02
57 53  -1.856864341940e+01
57 57   3.713728683880e+01
57 60  -1.856864341940e+01
58 54  -1.856864341940e+01
58 58   3.713728683880e+01
58 61  -1.856864341940e+01
59 55  -1.856864341940e+01
59 59   3.813688698381e+01
59 62  -1.856864341940e+01
59 72  -9.996001450148e-01
60 57  -1.856864341940e+01
60 60   3.913648712882e+01
60 63  -1.856864341940e+01
60 73  -1.999200290030e+00
61 58  -1.856864341940e+01
61 61   1.956824356441e+01
61 69  -9.996001450148e-01
62 59  -1.856864341940e+01
62 62   1.956824356441e+01
62 70  -9.996001450148e-01
63 60  -1.856864341940e+01
63 63   1.956824356441e+01
63 71  -9.996001450148e-01
64 64   1.415756611872e-02
64 69  -4.719188706241e-03
64 70  -4.719188706241e-03
64 71  -4.719188706241e-03
65 65   4.719188706241e-03
65 72  -4.719188706241e-03
66 66   4.719188706241e-03
66 73  -4.719188706241e-03
67 14  -9.996001450148e-01
67 67   5.257916080414e+01
67 68  -5.157956065913e+01
68 15  -5.157956065913e+01
68 67  -5.157956065913e+01
68 68   1.031591213183e+02
69 61  -9.996001450148e-01
69 64  -4.719188706241e-03
69 69   1.004319333721e+00
70 62  -9.996001450148e-01
70 64  -4.719188706241e-03
70 70   1.004319333721e+00
71 63  -9.996001450148e-01
71 64  -4.719188706241e-03
71 71   1.004319333721e+00
72 59  -9.996001450148e-01
72 65  -4.719188706241e-03
72 72   1.004319333721e+00
73 60  -1.999200290030e+00
73 66  -4.719188706241e-03
73 73   2.003919478736e+00
74 38  -1.999200290030e+01
74 74   1.999200290030e+01
75 2  -1.999200290030e+01
75 75   1.999200290030e+01
