 -0.000000000000e+00
 -1.048387065530e-03
 -1.209677383304e-03
 -0.000000000000e+00
 -0.000000000000e+00
 -0.000000000000e+00
 -0.000000000000e+00
 -0.000000000000e+00
 -0.000000000000e+00
 -0.000000000000e+00
 -0.000000000000e+00
 -1.209677383304e-03
 -0.000000000000e+00
 -1.209677383304e-03
 -0.000000000000e+00
 -0.000000000000e+00
 -1.048387065530e-03
 -1.209677383304e-03
 -1.048387065530e-03
 -0.000000000000e+00
 -0.000000000000e+00
 -0.000000000000e+00
 -0.000000000000e+00
 -0.000000000000e+00
 -1.048387065530e-03
 -0.000000000000e+00
 -1.209677383304e-03
 -1.048387065530e-03
 -0.000000000000e+00
 -1.209677383304e-03
 -1.209677383304e-03
 -0.000000000000e+00
 -0.000000000000e+00
 -0.000000000000e+00
 -0.000000000000e+00
 -0.000000000000e+00
 -0.000000000000e+00
 -0.000000000000e+00
 -0.000000000000e+00
 -1.209677383304e-03
 -1.048387065530e-03
 -0.000000000000e+00
 -0.000000000000e+00
 -1.209677383304e-03
 -1.209677383304e-03
 -1.048387065530e-03
 -0.000000000000e+00
 -0.000000000000e+00
 -0.000000000000e+00
 -0.000000000000e+00
 -0.000000000000e+00
 -0.000000000000e+00
 -0.000000000000e+00
 -0.000000000000e+00
 -1.209677383304e-03
 -0.000000000000e+00
 -1.048387065530e-03
 -0.000000000000e+00
 -1.209677383304e-03
 -0.000000000000e+00
 -1.048387065530e-03
 -1.209677383304e-03
 -0.000000000000e+00
 -0.000000000000e+00
 -0.000000000000e+00
 -0.000000000000e+00
 -0.000000000000e+00
 -0.000000000000e+00
 -0.000000000000e+00
 -0.000000000000e+00
 -0.000000000000e+00
 -1.048387065530e-03
 -1.209677383304e-03
 -0.000000000000e+00
 -0.000000000000e+00
 -1.209677383304e-03
