-6.110428313689e-03
-1.740249763387e-02
-1.869550741768e-02
-5.907139414701e-03
-6.054571831373e-03
-6.164043176589e-03
-6.235557759079e-03
-6.273217948483e-03
-5.963526403155e-03
-6.106827266731e-03
-6.206139497219e-03
-1.844240882488e-02
-6.214542574454e-03
-1.857292161432e-02
-6.283319013823e-03
-6.311537018604e-03
-1.732540876441e-02
-1.865287044716e-02
-1.743114739555e-02
-5.907167605656e-03
-6.050526224442e-03
-6.155921166459e-03
-6.227453991553e-03
-6.261317147278e-03
-1.708925851350e-02
-6.296533452861e-03
-1.847867605475e-02
-1.733150126509e-02
-6.334489012362e-03
-1.875981849527e-02
-1.879783198630e-02
-5.907137980464e-03
-6.054569179329e-03
-6.164334679029e-03
-6.240245098332e-03
-6.278200396195e-03
-5.963085648708e-03
-6.101032943727e-03
-6.216897477448e-03
-1.834523847342e-02
-1.722065542256e-02
-6.288722205668e-03
-6.316503703153e-03
-1.868239545553e-02
-1.875432602508e-02
-1.743575666450e-02
-5.907163714350e-03
-6.050813017745e-03
-6.160599128563e-03
-6.232423378768e-03
-6.266285446035e-03
-5.725806365881e-03
-5.963510602220e-03
-6.100715053169e-03
-1.844216220395e-02
-6.215838657972e-03
-1.721983198179e-02
-6.282011159103e-03
-1.858390991697e-02
-6.326051586655e-03
-1.740012000530e-02
-1.879066457232e-02
-5.907152847181e-03
-6.050497410421e-03
-6.159980320663e-03
-6.231798069192e-03
-5.957413109256e-03
-6.269757234691e-03
-5.957414864464e-03
-6.110869009920e-03
-6.220333965187e-03
-1.708933133761e-02
-1.857610785335e-02
-6.285764635204e-03
-6.329068911733e-03
-1.868415795540e-02
