 309
     0     0   1.648598810611e+01  -1.122999203114e+01
     0    27  -6.334245099250e-01   3.167122667609e+00
     0    33  -1.647589003441e+01   1.117950167074e+01
     1     1   1.265100854392e+02  -2.680594553268e+02
     1    16  -2.053624865959e+01   1.657946896742e+01
     1    17  -2.053624865959e+01   1.657946896742e+01
     1    45  -2.053624865959e+01   1.657946896742e+01
     1    46  -2.053624865959e+01   1.657946896742e+01
     1    74  -6.334245099250e-01   3.167122667609e+00
     2     2   1.079399797508e+02  -2.515709665700e+02
     2    17  -2.053624865959e+01   1.657946896742e+01
     2    18  -2.053624865959e+01   1.657946896742e+01
     2    46  -2.053624865959e+01   1.657946896742e+01
     2    75  -6.334245099250e-01   3.167122667609e+00
     3     3   5.754838767530e+01  -4.433843936383e+01
     3     4  -2.053624882045e+01   1.657946884655e+01
     3    52  -2.053624882045e+01   1.657946884655e+01
     3    69  -1.647589003441e+01   1.117950167074e+01
     4     3  -2.053624882045e+01   1.657946884655e+01
     4     4   5.754838767530e+01  -4.433843936383e+01
     4     5  -2.053624882045e+01   1.657946884655e+01
     4    70  -1.647589003441e+01   1.117950167074e+01
     5     4  -2.053624882045e+01   1.657946884655e+01
     5     5   5.754838767530e+01  -4.433843936383e+01
     5     6  -2.053624882045e+01   1.657946884655e+01
     5    71  -1.647589003441e+01   1.117950167074e+01
     6     5  -2.053624882045e+01   1.657946884655e+01
     6     6   5.754838767530e+01  -4.433843936383e+01
     6     7  -2.053624882045e+01   1.657946884655e+01
     6    74  -1.647589003441e+01   1.117950167074e+01
     7     6  -2.053624882045e+01   1.657946884655e+01
     7     7   3.701213885486e+01  -2.775897051729e+01
     7    75  -1.647589003441e+01   1.117950167074e+01
     8     8   1.648598810611e+01  -1.122999203114e+01
     8    11  -6.334245099250e-01   3.167122667609e+00
     8    19  -1.647589003441e+01   1.117950167074e+01
     9     9   1.648598810611e+01  -1.122999203114e+01
     9    13  -6.334245099250e-01   3.167122667609e+00
     9    20  -1.647589003441e+01   1.117950167074e+01
    10    10   1.648598810611e+01  -1.122999203114e+01
    10    16  -6.334245099250e-01   3.167122667609e+00
    10    21  -1.647589003441e+01   1.117950167074e+01
    11     8  -6.334245099250e-01   3.167122667609e+00
    11    11   8.740373109125e+01  -2.349914976026e+02
    11    72  -2.053624865959e+01   1.657946896742e+01
    11    73  -2.053624865959e+01   1.657946896742e+01
    12    12   1.648598810611e+01  -1.122999203114e+01
    12    28  -6.334245099250e-01   3.167122667609e+00
    12    34  -1.647589003441e+01   1.117950167074e+01
    13     9  -6.334245099250e-01   3.167122667609e+00
    13    13   1.079399797508e+02  -2.515709665700e+02
    13    55  -2.053624865959e+01   1.657946896742e+01
    13    57  -2.053624865959e+01   1.657946896742e+01
    13    76  -2.053624865959e+01   1.657946896742e+01
    14    14   1.648598810611e+01  -1.122999203114e+01
    14    17  -6.334245099250e-01   3.167122667609e+00
    14    22  -1.647589003441e+01   1.117950167074e+01
    15    15   1.648598810611e+01  -1.122999203114e+01
    15    18  -6.334245099250e-01   3.167122667609e+00
    15    23  -1.647589003441e+01   1.117950167074e+01
    16     1  -2.053624865959e+01   1.657946896742e+01
    16    10  -6.334245099250e-01   3.167122667609e+00
    16    16   1.265100854392e+02  -2.680594553268e+02
    16    57  -2.053624865959e+01   1.657946896742e+01
    16    59  -2.053624865959e+01   1.657946896742e+01
    16    76  -2.053624865959e+01   1.657946896742e+01
    17     1  -2.053624865959e+01   1.657946896742e+01
    17     2  -2.053624865959e+01   1.657946896742e+01
    17    14  -6.334245099250e-01   3.167122667609e+00
    17    17   1.284762284104e+02  -2.681504355374e+02
    17    59  -2.053624865959e+01   1.657946896742e+01
    17    61  -2.053624865959e+01   1.657946896742e+01
    18     2  -2.053624865959e+01   1.657946896742e+01
    18    15  -6.334245099250e-01   3.167122667609e+00
    18    18   1.059738367796e+02  -2.514799863594e+02
    18    61  -2.053624865959e+01   1.657946896742e+01
    18    62  -2.053624865959e+01   1.657946896742e+01
    19     8  -1.647589003441e+01   1.117950167074e+01
    19    19   5.754838767530e+01  -4.433843936383e+01
    19    20  -2.053624882045e+01   1.657946884655e+01
    19    52  -2.053624882045e+01   1.657946884655e+01
    20     9  -1.647589003441e+01   1.117950167074e+01
    20    19  -2.053624882045e+01   1.657946884655e+01
    20    20   5.754838767530e+01  -4.433843936383e+01
    20    21  -2.053624882045e+01   1.657946884655e+01
    21    10  -1.647589003441e+01   1.117950167074e+01
    21    20  -2.053624882045e+01   1.657946884655e+01
    21    21   5.754838767530e+01  -4.433843936383e+01
    21    22  -2.053624882045e+01   1.657946884655e+01
    22    14  -1.647589003441e+01   1.117950167074e+01
    22    21  -2.053624882045e+01   1.657946884655e+01
    22    22   5.754838767530e+01  -4.433843936383e+01
    22    23  -2.053624882045e+01   1.657946884655e+01
    23    15  -1.647589003441e+01   1.117950167074e+01
    23    22  -2.053624882045e+01   1.657946884655e+01
    23    23   3.701213885486e+01  -2.775897051729e+01
    24    24   0.000000000000e+00  -2.625498805658e-02
    24    52   0.000000000000e+00   2.625498769370e-01
    25    25   1.059738367796e+02  -2.514799863594e+02
    25    40  -2.053624865959e+01   1.657946896742e+01
    25    55  -2.053624865959e+01   1.657946896742e+01
    25    57  -2.053624865959e+01   1.657946896742e+01
    25    67  -6.334245099250e-01   3.167122667609e+00
    26    26   1.648598810611e+01  -1.122999203114e+01
    26    30  -6.334245099250e-01   3.167122667609e+00
    26    35  -1.647589003441e+01   1.117950167074e+01
    27     0  -6.334245099250e-01   3.167122667609e+00
    27    27   1.284762284104e+02  -2.681504355374e+02
    27    40  -2.053624865959e+01   1.657946896742e+01
    27    41  -2.053624865959e+01   1.657946896742e+01
    27    57  -2.053624865959e+01   1.657946896742e+01
    27    59  -2.053624865959e+01   1.657946896742e+01
    28    12  -6.334245099250e-01   3.167122667609e+00
    28    28   1.265100854392e+02  -2.680594553268e+02
    28    41  -2.053624865959e+01   1.657946896742e+01
    28    44  -2.053624865959e+01   1.657946896742e+01
    28    59  -2.053624865959e+01   1.657946896742e+01
    28    61  -2.053624865959e+01   1.657946896742e+01
    29    29   1.648598810611e+01  -1.122999203114e+01
    29    31  -6.334245099250e-01   3.167122667609e+00
    29    36  -1.647589003441e+01   1.117950167074e+01
    30    26  -6.334245099250e-01   3.167122667609e+00
    30    30   1.079399797508e+02  -2.515709665700e+02
    30    44  -2.053624865959e+01   1.657946896742e+01
    30    61  -2.053624865959e+01   1.657946896742e+01
    30    62  -2.053624865959e+01   1.657946896742e+01
    31    29  -6.334245099250e-01   3.167122667609e+00
    31    31   8.740373109125e+01  -2.349914976026e+02
    31    45  -2.053624865959e+01   1.657946896742e+01
    31    46  -2.053624865959e+01   1.657946896742e+01
    32    32   5.754838767530e+01  -4.433843936383e+01
    32    33  -2.053624882045e+01   1.657946884655e+01
    32    52  -2.053624882045e+01   1.657946884655e+01
    32    67  -1.647589003441e+01   1.117950167074e+01
    33     0  -1.647589003441e+01   1.117950167074e+01
    33    32  -2.053624882045e+01   1.657946884655e+01
    33    33   5.754838767530e+01  -4.433843936383e+01
    33    34  -2.053624882045e+01   1.657946884655e+01
    34    12  -1.647589003441e+01   1.117950167074e+01
    34    33  -2.053624882045e+01   1.657946884655e+01
    34    34   5.754838767530e+01  -4.433843936383e+01
    34    35  -2.053624882045e+01   1.657946884655e+01
    35    26  -1.647589003441e+01   1.117950167074e+01
    35    34  -2.053624882045e+01   1.657946884655e+01
    35    35   5.754838767530e+01  -4.433843936383e+01
    35    36  -2.053624882045e+01   1.657946884655e+01
    36    29  -1.647589003441e+01   1.117950167074e+01
    36    35  -2.053624882045e+01   1.657946884655e+01
    36    36   3.701213885486e+01  -2.775897051729e+01
    37    37   1.648598810611e+01  -1.122999203114e+01
    37    40  -6.334245099250e-01   3.167122667609e+00
    37    47  -1.647589003441e+01   1.117950167074e+01
    38    38   1.648598810611e+01  -1.122999203114e+01
    38    41  -6.334245099250e-01   3.167122667609e+00
    38    48  -1.647589003441e+01   1.117950167074e+01
    39    39   1.648598810611e+01  -1.122999203114e+01
    39    44  -6.334245099250e-01   3.167122667609e+00
    39    49  -1.647589003441e+01   1.117950167074e+01
    40    25  -2.053624865959e+01   1.657946896742e+01
    40    27  -2.053624865959e+01   1.657946896742e+01
    40    37  -6.334245099250e-01   3.167122667609e+00
    40    40   1.079399797508e+02  -2.515709665700e+02
    40    72  -2.053624865959e+01   1.657946896742e+01
    41    27  -2.053624865959e+01   1.657946896742e+01
    41    28  -2.053624865959e+01   1.657946896742e+01
    41    38  -6.334245099250e-01   3.167122667609e+00
    41    41   1.265100854392e+02  -2.680594553268e+02
    41    72  -2.053624865959e+01   1.657946896742e+01
    41    73  -2.053624865959e+01   1.657946896742e+01
    42    42   1.648598810611e+01  -1.122999203114e+01
    42    45  -6.334245099250e-01   3.167122667609e+00
    42    50  -1.647589003441e+01   1.117950167074e+01
    43    43   1.648598810611e+01  -1.122999203114e+01
    43    46  -6.334245099250e-01   3.167122667609e+00
    43    51  -1.647589003441e+01   1.117950167074e+01
    44    28  -2.053624865959e+01   1.657946896742e+01
    44    30  -2.053624865959e+01   1.657946896742e+01
    44    39  -6.334245099250e-01   3.167122667609e+00
    44    44   1.079399797508e+02  -2.515709665700e+02
    44    73  -2.053624865959e+01   1.657946896742e+01
    45     1  -2.053624865959e+01   1.657946896742e+01
    45    31  -2.053624865959e+01   1.657946896742e+01
    45    42  -6.334245099250e-01   3.167122667609e+00
    45    45   1.079399797508e+02  -2.515709665700e+02
    45    76  -2.053624865959e+01   1.657946896742e+01
    46     1  -2.053624865959e+01   1.657946896742e+01
    46     2  -2.053624865959e+01   1.657946896742e+01
    46    31  -2.053624865959e+01   1.657946896742e+01
    46    43  -6.334245099250e-01   3.167122667609e+00
    46    46   1.059738367796e+02  -2.514799863594e+02
    47    37  -1.647589003441e+01   1.117950167074e+01
    47    47   5.754838767530e+01  -4.433843936383e+01
    47    48  -2.053624882045e+01   1.657946884655e+01
    47    52  -2.053624882045e+01   1.657946884655e+01
    48    38  -1.647589003441e+01   1.117950167074e+01
    48    47  -2.053624882045e+01   1.657946884655e+01
    48    48   5.754838767530e+01  -4.433843936383e+01
    48    49  -2.053624882045e+01   1.657946884655e+01
    49    39  -1.647589003441e+01   1.117950167074e+01
    49    48  -2.053624882045e+01   1.657946884655e+01
    49    49   5.754838767530e+01  -4.433843936383e+01
    49    50  -2.053624882045e+01   1.657946884655e+01
    50    42  -1.647589003441e+01   1.117950167074e+01
    50    49  -2.053624882045e+01   1.657946884655e+01
    50    50   5.754838767530e+01  -4.433843936383e+01
    50    51  -2.053624882045e+01   1.657946884655e+01
    51    43  -1.647589003441e+01   1.117950167074e+01
    51    50  -2.053624882045e+01   1.657946884655e+01
    51    51   3.701213885486e+01  -2.775897051729e+01
    52     3  -2.053624882045e+01   1.657946884655e+01
    52    19  -2.053624882045e+01   1.657946884655e+01
    52    24   0.000000000000e+00   2.625498769370e-01
    52    32  -2.053624882045e+01   1.657946884655e+01
    52    47  -2.053624882045e+01   1.657946884655e+01
    52    52   1.026812441022e+02  -8.552284296581e+01
    52    63  -2.053624882045e+01   1.657946884655e+01
    53    53   1.648598810611e+01  -1.122999203114e+01
    53    55  -6.334245099250e-01   3.167122667609e+00
    53    63  -1.647589003441e+01   1.117950167074e+01
    54    54   1.648598810611e+01  -1.122999203114e+01
    54    57  -6.334245099250e-01   3.167122667609e+00
    54    64  -1.647589003441e+01   1.117950167074e+01
    55    13  -2.053624865959e+01   1.657946896742e+01
    55    25  -2.053624865959e+01   1.657946896742e+01
    55    53  -6.334245099250e-01   3.167122667609e+00
    55    55   8.740373109125e+01  -2.349914976026e+02
    56    56   1.648598810611e+01  -1.122999203114e+01
    56    59  -6.334245099250e-01   3.167122667609e+00
    56    65  -1.647589003441e+01   1.117950167074e+01
    57    13  -2.053624865959e+01   1.657946896742e+01
    57    16  -2.053624865959e+01   1.657946896742e+01
    57    25  -2.053624865959e+01   1.657946896742e+01
    57    27  -2.053624865959e+01   1.657946896742e+01
    57    54  -6.334245099250e-01   3.167122667609e+00
    57    57   1.265100854392e+02  -2.680594553268e+02
    58    58   1.648598810611e+01  -1.122999203114e+01
    58    61  -6.334245099250e-01   3.167122667609e+00
    58    66  -1.647589003441e+01   1.117950167074e+01
    59    16  -2.053624865959e+01   1.657946896742e+01
    59    17  -2.053624865959e+01   1.657946896742e+01
    59    27  -2.053624865959e+01   1.657946896742e+01
    59    28  -2.053624865959e+01   1.657946896742e+01
    59    56  -6.334245099250e-01   3.167122667609e+00
    59    59   1.284762284104e+02  -2.681504355374e+02
    60    60   1.648598810611e+01  -1.122999203114e+01
    60    62  -6.334245099250e-01   3.167122667609e+00
    60    68  -1.647589003441e+01   1.117950167074e+01
    61    17  -2.053624865959e+01   1.657946896742e+01
    61    18  -2.053624865959e+01   1.657946896742e+01
    61    28  -2.053624865959e+01   1.657946896742e+01
    61    30  -2.053624865959e+01   1.657946896742e+01
    61    58  -6.334245099250e-01   3.167122667609e+00
    61    61   1.265100854392e+02  -2.680594553268e+02
    62    18  -2.053624865959e+01   1.657946896742e+01
    62    30  -2.053624865959e+01   1.657946896742e+01
    62    60  -6.334245099250e-01   3.167122667609e+00
    62    62   8.740373109125e+01  -2.349914976026e+02
    63    52  -2.053624882045e+01   1.657946884655e+01
    63    53  -1.647589003441e+01   1.117950167074e+01
    63    63   5.754838767530e+01  -4.433843936383e+01
    63    64  -2.053624882045e+01   1.657946884655e+01
    64    54  -1.647589003441e+01   1.117950167074e+01
    64    63  -2.053624882045e+01   1.657946884655e+01
    64    64   5.754838767530e+01  -4.433843936383e+01
    64    65  -2.053624882045e+01   1.657946884655e+01
    65    56  -1.647589003441e+01   1.117950167074e+01
    65    64  -2.053624882045e+01   1.657946884655e+01
    65    65   5.754838767530e+01  -4.433843936383e+01
    65    66  -2.053624882045e+01   1.657946884655e+01
    66    58  -1.647589003441e+01   1.117950167074e+01
    66    65  -2.053624882045e+01   1.657946884655e+01
    66    66   5.754838767530e+01  -4.433843936383e+01
    66    68  -2.053624882045e+01   1.657946884655e+01
    67    25  -6.334245099250e-01   3.167122667609e+00
    67    32  -1.647589003441e+01   1.117950167074e+01
    67    67   1.648598810611e+01  -1.122999203114e+01
    68    60  -1.647589003441e+01   1.117950167074e+01
    68    66  -2.053624882045e+01   1.657946884655e+01
    68    68   3.701213885486e+01  -2.775897051729e+01
    69     3  -1.647589003441e+01   1.117950167074e+01
    69    69   1.648598810611e+01  -1.122999203114e+01
    69    72  -6.334245099250e-01   3.167122667609e+00
    70     4  -1.647589003441e+01   1.117950167074e+01
    70    70   1.648598810611e+01  -1.122999203114e+01
    70    73  -6.334245099250e-01   3.167122667609e+00
    71     5  -1.647589003441e+01   1.117950167074e+01
    71    71   1.648598810611e+01  -1.122999203114e+01
    71    76  -6.334245099250e-01   3.167122667609e+00
    72    11  -2.053624865959e+01   1.657946896742e+01
    72    40  -2.053624865959e+01   1.657946896742e+01
    72    41  -2.053624865959e+01   1.657946896742e+01
    72    69  -6.334245099250e-01   3.167122667609e+00
    72    72   1.059738367796e+02  -2.514799863594e+02
    73    11  -2.053624865959e+01   1.657946896742e+01
    73    41  -2.053624865959e+01   1.657946896742e+01
    73    44  -2.053624865959e+01   1.657946896742e+01
    73    70  -6.334245099250e-01   3.167122667609e+00
    73    73   1.079399797508e+02  -2.515709665700e+02
    74     1  -6.334245099250e-01   3.167122667609e+00
    74     6  -1.647589003441e+01   1.117950167074e+01
    74    74   1.648598810611e+01  -1.122999203114e+01
    75     2  -6.334245099250e-01   3.167122667609e+00
    75     7  -1.647589003441e+01   1.117950167074e+01
    75    75   1.648598810611e+01  -1.122999203114e+01
    76    13  -2.053624865959e+01   1.657946896742e+01
    76    16  -2.053624865959e+01   1.657946896742e+01
    76    45  -2.053624865959e+01   1.657946896742e+01
    76    71  -6.334245099250e-01   3.167122667609e+00
    76    76   1.079399797508e+02  -2.515709665700e+02