 77
     0  0    7967.434          0.000          0.000
     1  0     127.017      74731.181      49635.947
     2  0     127.017     106451.621      51103.761
     3  0    7967.434          0.000          0.000
     4  0    7967.434          0.000          0.000
     5  0    7967.434          0.000          0.000
     6  0    7967.434          0.000          0.000
     7  0    7967.434          0.000          0.000
     8  0    7967.434          0.000          0.000
     9  0    7967.434          0.000          0.000
    10  0    7967.434          0.000          0.000
    11  0     127.017     106451.621      51103.761
    12  0    7967.434          0.000          0.000
    13  0     127.017     106451.621      51103.761
    14  0    7967.434          0.000          0.000
    15  0    7967.434          0.000          0.000
    16  0     127.017      74731.181      49635.947
    17  0     127.017     106451.621      51103.761
    18  0     127.017      74731.181      49635.947
    19  0    7967.434          0.000          0.000
    20  0    7967.434          0.000          0.000
    21  0    7967.434          0.000          0.000
    22  0    7967.434          0.000          0.000
    23  0    7967.434          0.000          0.000
    24  2   79674.337      79674.337          0.000
    25  0     127.017      74731.181      49635.947
    26  0    7967.434          0.000          0.000
    27  0     127.017     106451.621      51103.761
    28  0     127.017      74731.181      49635.947
    29  0    7967.434          0.000          0.000
    30  0     127.017     106451.621      51103.761
    31  0     127.017     106451.621      51103.761
    32  0    7967.434          0.000          0.000
    33  0    7967.434          0.000          0.000
    34  0    7967.434          0.000          0.000
    35  0    7967.434          0.000          0.000
    36  0    7967.434          0.000          0.000
    37  0    7967.434          0.000          0.000
    38  0    7967.434          0.000          0.000
    39  0    7967.434          0.000          0.000
    40  0     127.017     106451.621      51103.761
    41  0     127.017      74731.181      49635.947
    42  0    7967.434          0.000          0.000
    43  0    7967.434          0.000          0.000
    44  0     127.017     106451.621      51103.761
    45  0     127.017     106451.621      51103.761
    46  0     127.017      74731.181      49635.947
    47  0    7967.434          0.000          0.000
    48  0    7967.434          0.000          0.000
    49  0    7967.434          0.000          0.000
    50  0    7967.434          0.000          0.000
    51  0    7967.434          0.000          0.000
    52  0    7967.434          0.000          0.000
    53  0    7967.434          0.000          0.000
    54  0    7967.434          0.000          0.000
    55  0     127.017     106451.621      51103.761
    56  0    7967.434          0.000          0.000
    57  0     127.017      74731.181      49635.947
    58  0    7967.434          0.000          0.000
    59  0     127.017     106451.621      51103.761
    60  0    7967.434          0.000          0.000
    61  0     127.017      74731.181      49635.947
    62  0     127.017     106451.621      51103.761
    63  0    7967.434          0.000          0.000
    64  0    7967.434          0.000          0.000
    65  0    7967.434          0.000          0.000
    66  0    7967.434          0.000          0.000
    67  0    7967.434          0.000          0.000
    68  0    7967.434          0.000          0.000
    69  0    7967.434          0.000          0.000
    70  0    7967.434          0.000          0.000
    71  0    7967.434          0.000          0.000
    72  0     127.017      74731.181      49635.947
    73  0     127.017     106451.621      51103.761
    74  0    7967.434          0.000          0.000
    75  0    7967.434          0.000          0.000
    76  0     127.017     106451.621      51103.761